 # From ice3g_gro.dat - ICE Sheet for Greenland
 # Created by GG on may, 5, 2011
 # id, latitude (deg), longitude (deg), half-amplitude of the disc element (m),
 # arbitrary value of disk thickness (m), disk thickness after loosing mass.
 # The variation in thickness was calculated using an arbitrary mass lost = 200GT
 #
 #
 #
 #
 # --------------------------------------------------------------------------------
   1   322.0000    83.3300          0.3280       100.0000000000        99.9073791504
   2   327.0000    83.3300          0.3280       100.0000000000        99.9073791504
   3   332.0000    83.3300          0.3280       100.0000000000        99.9073791504
   4   316.0000    82.7230          0.3570       100.0000000000        99.9073791504
   5   321.0000    82.7230          0.3570       100.0000000000        99.9073791504
   6   326.0000    82.7230          0.3570       100.0000000000        99.9073791504
   7   331.0000    82.7230          0.3570       100.0000000000        99.9073791504
   8   336.0000    82.7230          0.3570       100.0000000000        99.9073791504
   9   302.0000    82.0610          0.3900       100.0000000000        99.9073791504
  10   307.0000    82.0610          0.3900       100.0000000000        99.9073791504
  11   312.0000    82.0610          0.3900       100.0000000000        99.9073791504
  12   317.0000    82.0610          0.3900       100.0000000000        99.9073791504
  13   322.0000    82.0610          0.3900       100.0000000000        99.9073791504
  14   327.0000    82.0610          0.3900       100.0000000000        99.9073791504
  15   332.0000    82.0610          0.3900       100.0000000000        99.9073791504
  16   337.0000    82.0610          0.3900       100.0000000000        99.9073791504
  17   301.0000    81.3390          0.4250       100.0000000000        99.9073791504
  18   306.0000    81.3390          0.4250       100.0000000000        99.9073791504
  19   311.0000    81.3390          0.4250       100.0000000000        99.9073791504
  20   316.0000    81.3390          0.4250       100.0000000000        99.9073791504
  21   321.0000    81.3390          0.4250       100.0000000000        99.9073791504
  22   326.0000    81.3390          0.4250       100.0000000000        99.9073791504
  23   331.0000    81.3390          0.4250       100.0000000000        99.9073791504
  24   336.0000    81.3390          0.4250       100.0000000000        99.9073791504
  25   341.0000    81.3390          0.4250       100.0000000000        99.9073791504
  26   346.0000    81.3390          0.4250       100.0000000000        99.9073791504
  27   297.0000    80.5520          0.4630       100.0000000000        99.9073791504
  28   302.0000    80.5520          0.4630       100.0000000000        99.9073791504
  29   307.0000    80.5520          0.4630       100.0000000000        99.9073791504
  30   312.0000    80.5520          0.4630       100.0000000000        99.9073791504
  31   317.0000    80.5520          0.4630       100.0000000000        99.9073791504
  32   322.0000    80.5520          0.4630       100.0000000000        99.9073791504
  33   327.0000    80.5520          0.4630       100.0000000000        99.9073791504
  34   332.0000    80.5520          0.4630       100.0000000000        99.9073791504
  35   337.0000    80.5520          0.4630       100.0000000000        99.9073791504
  36   342.0000    80.5520          0.4630       100.0000000000        99.9073791504
  37   298.0000    79.6950          0.5050       100.0000000000        99.9073791504
  38   303.0000    79.6950          0.5050       100.0000000000        99.9073791504
  39   308.0000    79.6950          0.5050       100.0000000000        99.9073791504
  40   313.0000    79.6950          0.5050       100.0000000000        99.9073791504
  41   318.0000    79.6950          0.5050       100.0000000000        99.9073791504
  42   323.0000    79.6950          0.5050       100.0000000000        99.9073791504
  43   328.0000    79.6950          0.5050       100.0000000000        99.9073791504
  44   333.0000    79.6950          0.5050       100.0000000000        99.9073791504
  45   338.0000    79.6950          0.5050       100.0000000000        99.9073791504
  46   293.0000    78.7600          0.5500       100.0000000000        99.9073791504
  47   298.0000    78.7600          0.5500       100.0000000000        99.9073791504
  48   303.0000    78.7600          0.5500       100.0000000000        99.9073791504
  49   308.0000    78.7600          0.5500       100.0000000000        99.9073791504
  50   313.0000    78.7600          0.5500       100.0000000000        99.9073791504
  51   318.0000    78.7600          0.5500       100.0000000000        99.9073791504
  52   323.0000    78.7600          0.5500       100.0000000000        99.9073791504
  53   328.0000    78.7600          0.5500       100.0000000000        99.9073791504
  54   333.0000    78.7600          0.5500       100.0000000000        99.9073791504
  55   338.0000    78.7600          0.5500       100.0000000000        99.9073791504
  56   289.0000    78.2500          0.4600       100.0000000000        99.9073791504
  57   293.0000    77.7420          0.5990       100.0000000000        99.9073791504
  58   298.0000    77.7420          0.5990       100.0000000000        99.9073791504
  59   303.0000    77.7420          0.5990       100.0000000000        99.9073791504
  60   308.0000    77.7420          0.5990       100.0000000000        99.9073791504
  61   313.0000    77.7420          0.5990       100.0000000000        99.9073791504
  62   318.0000    77.7420          0.5990       100.0000000000        99.9073791504
  63   323.0000    77.7420          0.5990       100.0000000000        99.9073791504
  64   328.0000    77.7420          0.5990       100.0000000000        99.9073791504
  65   333.0000    77.7420          0.5990       100.0000000000        99.9073791504
  66   338.0000    77.7420          0.5990       100.0000000000        99.9073791504
  67   288.0000    76.6340          0.6520       100.0000000000        99.9073791504
  68   293.0000    76.6340          0.6520       100.0000000000        99.9073791504
  69   298.0000    76.6340          0.6520       100.0000000000        99.9073791504
  70   303.0000    76.6340          0.6520       100.0000000000        99.9073791504
  71   308.0000    76.6340          0.6520       100.0000000000        99.9073791504
  72   313.0000    76.6340          0.6520       100.0000000000        99.9073791504
  73   318.0000    76.6340          0.6520       100.0000000000        99.9073791504
  74   323.0000    76.6340          0.6520       100.0000000000        99.9073791504
  75   328.0000    76.6340          0.6520       100.0000000000        99.9073791504
  76   333.0000    76.6340          0.6520       100.0000000000        99.9073791504
  77   338.0000    76.6340          0.6520       100.0000000000        99.9073791504
  78   305.0000    75.4270          0.7100       100.0000000000        99.9073791504
  79   310.0000    75.4270          0.7100       100.0000000000        99.9073791504
  80   315.0000    75.4270          0.7100       100.0000000000        99.9073791504
  81   320.0000    75.4270          0.7100       100.0000000000        99.9073791504
  82   325.0000    75.4270          0.7100       100.0000000000        99.9073791504
  83   330.0000    75.4270          0.7100       100.0000000000        99.9073791504
  84   335.0000    75.4270          0.7100       100.0000000000        99.9073791504
  85   340.0000    75.4270          0.7100       100.0000000000        99.9073791504
  86   305.0000    74.1130          0.7720       100.0000000000        99.9073791504
  87   310.0000    74.1130          0.7720       100.0000000000        99.9073791504
  88   315.0000    74.1130          0.7720       100.0000000000        99.9073791504
  89   320.0000    74.1130          0.7720       100.0000000000        99.9073791504
  90   325.0000    74.1130          0.7720       100.0000000000        99.9073791504
  91   330.0000    74.1130          0.7720       100.0000000000        99.9073791504
  92   335.0000    74.1130          0.7720       100.0000000000        99.9073791504
  93   340.0000    74.1130          0.7720       100.0000000000        99.9073791504
  94   305.0000    72.6850          0.8400       100.0000000000        99.9073791504
  95   310.0000    72.6850          0.8400       100.0000000000        99.9073791504
  96   315.0000    72.6850          0.8400       100.0000000000        99.9073791504
  97   320.0000    72.6850          0.8400       100.0000000000        99.9073791504
  98   325.0000    72.6850          0.8400       100.0000000000        99.9073791504
  99   330.0000    72.6850          0.8400       100.0000000000        99.9073791504
 100   335.0000    72.6850          0.8400       100.0000000000        99.9073791504
 101   310.0000    71.1320          0.9120       100.0000000000        99.9073791504
 102   315.0000    71.1320          0.9120       100.0000000000        99.9073791504
 103   320.0000    71.1320          0.9120       100.0000000000        99.9073791504
 104   325.0000    71.1320          0.9120       100.0000000000        99.9073791504
 105   330.0000    71.1320          0.9120       100.0000000000        99.9073791504
 106   335.0000    71.1320          0.9120       100.0000000000        99.9073791504
 107   308.0000    69.4460          0.9900       100.0000000000        99.9073791504
 108   313.0000    69.4460          0.9900       100.0000000000        99.9073791504
 109   318.0000    69.4460          0.9900       100.0000000000        99.9073791504
 110   323.0000    69.4460          0.9900       100.0000000000        99.9073791504
 111   328.0000    69.4460          0.9900       100.0000000000        99.9073791504
 112   333.0000    69.4460          0.9900       100.0000000000        99.9073791504
 113   310.0000    67.6160          1.0740       100.0000000000        99.9073791504
 114   315.0000    67.6160          1.0740       100.0000000000        99.9073791504
 115   320.0000    67.6160          1.0740       100.0000000000        99.9073791504
 116   325.0000    67.6160          1.0740       100.0000000000        99.9073791504
 117   309.0000    65.6330          1.1640       100.0000000000        99.9073791504
 118   314.0000    65.6330          1.1640       100.0000000000        99.9073791504
 119   319.0000    65.6330          1.1640       100.0000000000        99.9073791504
 120   319.0000    83.2000          0.1800       100.0000000000        99.9073791504
 121   322.5000    66.0000          0.8500       100.0000000000        99.9073791504
 122   312.0000    63.4850          1.2590       100.0000000000        99.9073791504
 123   317.0000    63.4850          1.2590       100.0000000000        99.9073791504
 124   311.0000    61.7000          0.8500       100.0000000000        99.9073791504
 125   315.0000    61.1630          1.3610       100.0000000000        99.9073791504
