  # 
  # -------------------
  # h load Love number 
  # -------------------
  # 
  # Done by alma.f90 (SELEN port) on: 2010.12.08 time: 13.23.56
  # Heaviside loading
  # Range of harmonic degrees: 1 - 94
  # Number of digits: 64
  # Order of the Gaver sequence: 8
  # The sequence is accelerated
  # User-supplied stratification, model: /Users/giorgiospada/LAVORI/WDS/SELEN32/VSC/vsca_SANT.dat                                            
  # Number of mantle layers: 3
  # Time interval is from  0. to  21. kyrs
  # Time points: 22
  # 
  #    time (kyrs)      h(t) for degrees l= 1 ... 94
  # 
     0.10000000E-05    -0.10174764E+01    -0.45377174E+00    -0.46042651E+00    -0.45290881E+00    -0.46908805E+00    -0.50229067E+00    -0.54437208E+00    -0.59073114E+00    -0.63901037E+00    -0.68795574E+00    -0.73682928E+00    -0.78514212E+00    -0.83253759E+00    -0.87874109E+00    -0.92353684E+00    -0.96675640E+00    -0.10082717E+01    -0.10479904E+01    -0.10858519E+01    -0.11218234E+01    -0.11558970E+01    -0.11880865E+01    -0.12184235E+01    -0.12469552E+01    -0.12737409E+01    -0.12988496E+01    -0.13223574E+01    -0.13443458E+01    -0.13648989E+01    -0.13841025E+01    -0.14020419E+01    -0.14188020E+01    -0.14344652E+01    -0.14491112E+01    -0.14628166E+01    -0.14756540E+01    -0.14876927E+01    -0.14989973E+01    -0.15096289E+01    -0.15196444E+01    -0.15290965E+01    -0.15380344E+01    -0.15465038E+01    -0.15545464E+01    -0.15622008E+01    -0.15695027E+01    -0.15764847E+01    -0.15831765E+01    -0.15896057E+01    -0.15957972E+01    -0.16017737E+01    -0.16075561E+01    -0.16131634E+01    -0.16186125E+01    -0.16239194E+01    -0.16290982E+01    -0.16341616E+01    -0.16391214E+01    -0.16439880E+01    -0.16487712E+01    -0.16534792E+01    -0.16581202E+01    -0.16627007E+01    -0.16672271E+01    -0.16717052E+01    -0.16761401E+01    -0.16805359E+01    -0.16848968E+01    -0.16892265E+01    -0.16935281E+01    -0.16978043E+01    -0.17020578E+01    -0.17062906E+01    -0.17105048E+01    -0.17147019E+01    -0.17188834E+01    -0.17230506E+01    -0.17272046E+01    -0.17313462E+01    -0.17354764E+01    -0.17395957E+01    -0.17437044E+01    -0.17478033E+01    -0.17518926E+01    -0.17559724E+01    -0.17600429E+01    -0.17641044E+01    -0.17681568E+01    -0.17722000E+01    -0.17762339E+01    -0.17802587E+01    -0.17842739E+01    -0.17882795E+01    -0.17922754E+01
     0.10000000E+01    -0.10489625E+01    -0.91106522E+00    -0.11075888E+01    -0.12775153E+01    -0.14893626E+01    -0.17436911E+01    -0.20272589E+01    -0.23300610E+01    -0.26458488E+01    -0.29704883E+01    -0.33007948E+01    -0.36339242E+01    -0.39671149E+01    -0.42976227E+01    -0.46227512E+01    -0.49399281E+01    -0.52467885E+01    -0.55412517E+01    -0.58215790E+01    -0.60864086E+01    -0.63347654E+01    -0.65660524E+01    -0.67800231E+01    -0.69767385E+01    -0.71565223E+01    -0.73199091E+01    -0.74675946E+01    -0.76003895E+01    -0.77191782E+01    -0.78248825E+01    -0.79184341E+01    -0.80007515E+01    -0.80727215E+01    -0.81351900E+01    -0.81889515E+01    -0.82347450E+01    -0.82732525E+01    -0.83050995E+01    -0.83308544E+01    -0.83510342E+01    -0.83661051E+01    -0.83764896E+01    -0.83825636E+01    -0.83846684E+01    -0.83831100E+01    -0.83781624E+01    -0.83700724E+01    -0.83590622E+01    -0.83453331E+01    -0.83290663E+01    -0.83104258E+01    -0.82895622E+01    -0.82666111E+01    -0.82416992E+01    -0.82149410E+01    -0.81864433E+01    -0.81563053E+01    -0.81246195E+01    -0.80914717E+01    -0.80569429E+01    -0.80211105E+01    -0.79840455E+01    -0.79458179E+01    -0.79064927E+01    -0.78661323E+01    -0.78247972E+01    -0.77825446E+01    -0.77394300E+01    -0.76955066E+01    -0.76508260E+01    -0.76054378E+01    -0.75593901E+01    -0.75127292E+01    -0.74655008E+01    -0.74177485E+01    -0.73695140E+01    -0.73208389E+01    -0.72717633E+01    -0.72223253E+01    -0.71725626E+01    -0.71225119E+01    -0.70722079E+01    -0.70216846E+01    -0.69709759E+01    -0.69201131E+01    -0.68691273E+01    -0.68180485E+01    -0.67669053E+01    -0.67157264E+01    -0.66645384E+01    -0.66133671E+01    -0.65622377E+01    -0.65111742E+01    -0.64602003E+01
     0.20000000E+01    -0.10761356E+01    -0.11763062E+01    -0.15401409E+01    -0.18643581E+01    -0.22151160E+01    -0.26086752E+01    -0.30391505E+01    -0.34993410E+01    -0.39840164E+01    -0.44890151E+01    -0.50102878E+01    -0.55434399E+01    -0.60836520E+01    -0.66258030E+01    -0.71646838E+01    -0.76952319E+01    -0.82127447E+01    -0.87130489E+01    -0.91926136E+01    -0.96486120E+01    -0.10078936E+02    -0.10482160E+02    -0.10857493E+02    -0.11204692E+02    -0.11523978E+02    -0.11815948E+02    -0.12081488E+02    -0.12321694E+02    -0.12537807E+02    -0.12731151E+02    -0.12903090E+02    -0.13054991E+02    -0.13188190E+02    -0.13303977E+02    -0.13403581E+02    -0.13488157E+02    -0.13558787E+02    -0.13616475E+02    -0.13662146E+02    -0.13696651E+02    -0.13720774E+02    -0.13735228E+02    -0.13740666E+02    -0.13737688E+02    -0.13726840E+02    -0.13708622E+02    -0.13683494E+02    -0.13651877E+02    -0.13614162E+02    -0.13570709E+02    -0.13521852E+02    -0.13467903E+02    -0.13409154E+02    -0.13345878E+02    -0.13278333E+02    -0.13206763E+02    -0.13131401E+02    -0.13052467E+02    -0.12970173E+02    -0.12884721E+02    -0.12796304E+02    -0.12705111E+02    -0.12611320E+02    -0.12515107E+02    -0.12416641E+02    -0.12316085E+02    -0.12213595E+02    -0.12109326E+02    -0.12003428E+02    -0.11896041E+02    -0.11787307E+02    -0.11677361E+02    -0.11566335E+02    -0.11454353E+02    -0.11341540E+02    -0.11228015E+02    -0.11113892E+02    -0.10999281E+02    -0.10884290E+02    -0.10769020E+02    -0.10653571E+02    -0.10538038E+02    -0.10422513E+02    -0.10307082E+02    -0.10191830E+02    -0.10076836E+02    -0.99621754E+01    -0.98479223E+01    -0.97341452E+01    -0.96209106E+01    -0.95082798E+01    -0.93963118E+01    -0.92850618E+01    -0.91745825E+01
     0.30000000E+01    -0.11000187E+01    -0.13464774E+01    -0.18389763E+01    -0.22886627E+01    -0.27442749E+01    -0.32359889E+01    -0.37688429E+01    -0.43406706E+01    -0.49479856E+01    -0.55865741E+01    -0.62512717E+01    -0.69359379E+01    -0.76336808E+01    -0.83372107E+01    -0.90392246E+01    -0.97327576E+01    -0.10411456E+02    -0.11069770E+02    -0.11703063E+02    -0.12307644E+02    -0.12880745E+02    -0.13420447E+02    -0.13925598E+02    -0.14395694E+02    -0.14830780E+02    -0.15231337E+02    -0.15598190E+02    -0.15932419E+02    -0.16235285E+02    -0.16508171E+02    -0.16752525E+02    -0.16969824E+02    -0.17161541E+02    -0.17329121E+02    -0.17473959E+02    -0.17597397E+02    -0.17700706E+02    -0.17785089E+02    -0.17851677E+02    -0.17901527E+02    -0.17935631E+02    -0.17954912E+02    -0.17960230E+02    -0.17952391E+02    -0.17932142E+02    -0.17900190E+02    -0.17857191E+02    -0.17803762E+02    -0.17740490E+02    -0.17667921E+02    -0.17586580E+02    -0.17496964E+02    -0.17399542E+02    -0.17294771E+02    -0.17183083E+02    -0.17064896E+02    -0.16940609E+02    -0.16810616E+02    -0.16675285E+02    -0.16534985E+02    -0.16390062E+02    -0.16240860E+02    -0.16087709E+02    -0.15930930E+02    -0.15770832E+02    -0.15607718E+02    -0.15441878E+02    -0.15273598E+02    -0.15103150E+02    -0.14930799E+02    -0.14756802E+02    -0.14581403E+02    -0.14404842E+02    -0.14227347E+02    -0.14049139E+02    -0.13870428E+02    -0.13691416E+02    -0.13512296E+02    -0.13333253E+02    -0.13154461E+02    -0.12976089E+02    -0.12798295E+02    -0.12621228E+02    -0.12445030E+02    -0.12269835E+02    -0.12095769E+02    -0.11922948E+02    -0.11751482E+02    -0.11581474E+02    -0.11413020E+02    -0.11246207E+02    -0.11081117E+02    -0.10917822E+02    -0.10756392E+02
     0.40000000E+01    -0.11210148E+01    -0.14646494E+01    -0.20505776E+01    -0.25988491E+01    -0.31374726E+01    -0.37055125E+01    -0.43180180E+01    -0.49774270E+01    -0.56813827E+01    -0.64250326E+01    -0.72017236E+01    -0.80034857E+01    -0.88215704E+01    -0.96469946E+01    -0.10471035E+02    -0.11285611E+02    -0.12083553E+02    -0.12858739E+02    -0.13606145E+02    -0.14321813E+02    -0.15002768E+02    -0.15646912E+02    -0.16252905E+02    -0.16820047E+02    -0.17348164E+02    -0.17837505E+02    -0.18288664E+02    -0.18702488E+02    -0.19080032E+02    -0.19422487E+02    -0.19731144E+02    -0.20007355E+02    -0.20252497E+02    -0.20467958E+02    -0.20655111E+02    -0.20815306E+02    -0.20949846E+02    -0.21060001E+02    -0.21146982E+02    -0.21211956E+02    -0.21256033E+02    -0.21280277E+02    -0.21285698E+02    -0.21273264E+02    -0.21243895E+02    -0.21198471E+02    -0.21137836E+02    -0.21062799E+02    -0.20974134E+02    -0.20872591E+02    -0.20758888E+02    -0.20633722E+02    -0.20497765E+02    -0.20351671E+02    -0.20196072E+02    -0.20031584E+02    -0.19858803E+02    -0.19678312E+02    -0.19490675E+02    -0.19296440E+02    -0.19096144E+02    -0.18890303E+02    -0.18679424E+02    -0.18463993E+02    -0.18244486E+02    -0.18021358E+02    -0.17795057E+02    -0.17566008E+02    -0.17334621E+02    -0.17101297E+02    -0.16866415E+02    -0.16630341E+02    -0.16393419E+02    -0.16155989E+02    -0.15918365E+02    -0.15680849E+02    -0.15443727E+02    -0.15207269E+02    -0.14971730E+02    -0.14737350E+02    -0.14504354E+02    -0.14272953E+02    -0.14043342E+02    -0.13815702E+02    -0.13590202E+02    -0.13366998E+02    -0.13146231E+02    -0.12928030E+02    -0.12712515E+02    -0.12499789E+02    -0.12289948E+02    -0.12083078E+02    -0.11879251E+02    -0.11678534E+02
     0.50000000E+01    -0.11394765E+01    -0.15525550E+01    -0.22043781E+01    -0.28286004E+01    -0.34353843E+01    -0.40672936E+01    -0.47465472E+01    -0.54788070E+01    -0.62620234E+01    -0.70902510E+01    -0.79552202E+01    -0.88472996E+01    -0.97562895E+01    -0.10672103E+02    -0.11585289E+02    -0.12487387E+02    -0.13371106E+02    -0.14230384E+02    -0.15060331E+02    -0.15857131E+02    -0.16617899E+02    -0.17340549E+02    -0.18023655E+02    -0.18666346E+02    -0.19268200E+02    -0.19829165E+02    -0.20349495E+02    -0.20829689E+02    -0.21270449E+02    -0.21672630E+02    -0.22037218E+02    -0.22365288E+02    -0.22657986E+02    -0.22916508E+02    -0.23142071E+02    -0.23335917E+02    -0.23499279E+02    -0.23633389E+02    -0.23739464E+02    -0.23818695E+02    -0.23872259E+02    -0.23901297E+02    -0.23906931E+02    -0.23890249E+02    -0.23852322E+02    -0.23794182E+02    -0.23716846E+02    -0.23621302E+02    -0.23508518E+02    -0.23379436E+02    -0.23234980E+02    -0.23076054E+02    -0.22903540E+02    -0.22718304E+02    -0.22521187E+02    -0.22313021E+02    -0.22094608E+02    -0.21866739E+02    -0.21630182E+02    -0.21385687E+02    -0.21133982E+02    -0.20875774E+02    -0.20611752E+02    -0.20342581E+02    -0.20068901E+02    -0.19791334E+02    -0.19510477E+02    -0.19226904E+02    -0.18941160E+02    -0.18653776E+02    -0.18365250E+02    -0.18076059E+02    -0.17786655E+02    -0.17497465E+02    -0.17208893E+02    -0.16921320E+02    -0.16635098E+02    -0.16350563E+02    -0.16068022E+02    -0.15787762E+02    -0.15510048E+02    -0.15235124E+02    -0.14963213E+02    -0.14694516E+02    -0.14429219E+02    -0.14167485E+02    -0.13909462E+02    -0.13655279E+02    -0.13405050E+02    -0.13158875E+02    -0.12916834E+02    -0.12678999E+02    -0.12445426E+02    -0.12216159E+02
     0.60000000E+01    -0.11557133E+01    -0.16214724E+01    -0.23192003E+01    -0.30013859E+01    -0.36655364E+01    -0.43532491E+01    -0.50906420E+01    -0.58851061E+01    -0.67342548E+01    -0.76308546E+01    -0.85651274E+01    -0.95261021E+01    -0.10502614E+02    -0.11484038E+02    -0.12460791E+02    -0.13424586E+02    -0.14368511E+02    -0.15286961E+02    -0.16175491E+02    -0.17030649E+02    -0.17849787E+02    -0.18630913E+02    -0.19372568E+02    -0.20073715E+02    -0.20733673E+02    -0.21352053E+02    -0.21928728E+02    -0.22463789E+02    -0.22957518E+02    -0.23410372E+02    -0.23822948E+02    -0.24195976E+02    -0.24530289E+02    -0.24826809E+02    -0.25086533E+02    -0.25310514E+02    -0.25499851E+02    -0.25655680E+02    -0.25779154E+02    -0.25871452E+02    -0.25933758E+02    -0.25967262E+02    -0.25973156E+02    -0.25952631E+02    -0.25906870E+02    -0.25837049E+02    -0.25744345E+02    -0.25629913E+02    -0.25494904E+02    -0.25340458E+02    -0.25167698E+02    -0.24977736E+02    -0.24771666E+02    -0.24550568E+02    -0.24315504E+02    -0.24067513E+02    -0.23807617E+02    -0.23536818E+02    -0.23256086E+02    -0.22966375E+02    -0.22668610E+02    -0.22363686E+02    -0.22052471E+02    -0.21735804E+02    -0.21414490E+02    -0.21089306E+02    -0.20760994E+02    -0.20430264E+02    -0.20097792E+02    -0.19764215E+02    -0.19430147E+02    -0.19096159E+02    -0.18762789E+02    -0.18430544E+02    -0.18099894E+02    -0.17771278E+02    -0.17445107E+02    -0.17121750E+02    -0.16801554E+02    -0.16484833E+02    -0.16171871E+02    -0.15862929E+02    -0.15558235E+02    -0.15257995E+02    -0.14962388E+02    -0.14671573E+02    -0.14385684E+02    -0.14104835E+02    -0.13829121E+02    -0.13558617E+02    -0.13293382E+02    -0.13033459E+02    -0.12778873E+02    -0.12529640E+02
     0.70000000E+01    -0.11699970E+01    -0.16775074E+01    -0.24072173E+01    -0.31335864E+01    -0.38467429E+01    -0.45841727E+01    -0.53729610E+01    -0.62209568E+01    -0.71250291E+01    -0.80766678E+01    -0.90648260E+01    -0.10077583E+02    -0.11103271E+02    -0.12131207E+02    -0.13152119E+02    -0.14158277E+02    -0.15143440E+02    -0.16102673E+02    -0.17032120E+02    -0.17928774E+02    -0.18790274E+02    -0.19614752E+02    -0.20400715E+02    -0.21146975E+02    -0.21852585E+02    -0.22516827E+02    -0.23139183E+02    -0.23719326E+02    -0.24257114E+02    -0.24752577E+02    -0.25205910E+02    -0.25617460E+02    -0.25987719E+02    -0.26317303E+02    -0.26606943E+02    -0.26857473E+02    -0.27069815E+02    -0.27244968E+02    -0.27383997E+02    -0.27488022E+02    -0.27558210E+02    -0.27595770E+02    -0.27601938E+02    -0.27577982E+02    -0.27525187E+02    -0.27444855E+02    -0.27338299E+02    -0.27206842E+02    -0.27051807E+02    -0.26874519E+02    -0.26676300E+02    -0.26458462E+02    -0.26222309E+02    -0.25969131E+02    -0.25700203E+02    -0.25416777E+02    -0.25120083E+02    -0.24811327E+02    -0.24491684E+02    -0.24162302E+02    -0.23824291E+02    -0.23478729E+02    -0.23126654E+02    -0.22769068E+02    -0.22406927E+02    -0.22041149E+02    -0.21672609E+02    -0.21302135E+02    -0.20930513E+02    -0.20558487E+02    -0.20186749E+02    -0.19815952E+02    -0.19446705E+02    -0.19079571E+02    -0.18715069E+02    -0.18353682E+02    -0.17995844E+02    -0.17641958E+02    -0.17292383E+02    -0.16947443E+02    -0.16607428E+02    -0.16272591E+02    -0.15943154E+02    -0.15619312E+02    -0.15301229E+02    -0.14989038E+02    -0.14682853E+02    -0.14382759E+02    -0.14088824E+02    -0.13801091E+02    -0.13519587E+02    -0.13244319E+02    -0.12975280E+02    -0.12712448E+02
     0.80000000E+01    -0.11825660E+01    -0.17241669E+01    -0.24764044E+01    -0.32366576E+01    -0.39920053E+01    -0.47739573E+01    -0.56082759E+01    -0.65023046E+01    -0.74519553E+01    -0.84475679E+01    -0.94771252E+01    -0.10528135E+02    -0.11588823E+02    -0.12648823E+02    -0.13699476E+02    -0.14733834E+02    -0.15746469E+02    -0.16733192E+02    -0.17690765E+02    -0.18616629E+02    -0.19508698E+02    -0.20365215E+02    -0.21184660E+02    -0.21965689E+02    -0.22707115E+02    -0.23407898E+02    -0.24067156E+02    -0.24684168E+02    -0.25258379E+02    -0.25789415E+02    -0.26277073E+02    -0.26721325E+02    -0.27122314E+02    -0.27480343E+02    -0.27795870E+02    -0.28069492E+02    -0.28301933E+02    -0.28494041E+02    -0.28646765E+02    -0.28761148E+02    -0.28838326E+02    -0.28879496E+02    -0.28885929E+02    -0.28858950E+02    -0.28799929E+02    -0.28710278E+02    -0.28591442E+02    -0.28444889E+02    -0.28272108E+02    -0.28074598E+02    -0.27853870E+02    -0.27611431E+02    -0.27348782E+02    -0.27067415E+02    -0.26768808E+02    -0.26454418E+02    -0.26125671E+02    -0.25783970E+02    -0.25430681E+02    -0.25067131E+02    -0.24694609E+02    -0.24314354E+02    -0.23927565E+02    -0.23535383E+02    -0.23138906E+02    -0.22739178E+02    -0.22337179E+02    -0.21933846E+02    -0.21530054E+02    -0.21126625E+02    -0.20724325E+02    -0.20323866E+02    -0.19925901E+02    -0.19531036E+02    -0.19139826E+02    -0.18752769E+02    -0.18370323E+02    -0.17992891E+02    -0.17620836E+02    -0.17254478E+02    -0.16894094E+02    -0.16539928E+02    -0.16192179E+02    -0.15851020E+02    -0.15516586E+02    -0.15188989E+02    -0.14868305E+02    -0.14554592E+02    -0.14247881E+02    -0.13948181E+02    -0.13655483E+02    -0.13369761E+02    -0.13090971E+02    -0.12819055E+02
     0.90000000E+01    -0.11936300E+01    -0.17636174E+01    -0.25320671E+01    -0.33186324E+01    -0.41104221E+01    -0.49321518E+01    -0.58066626E+01    -0.67401137E+01    -0.77273769E+01    -0.87578201E+01    -0.98187513E+01    -0.10897448E+02    -0.11982348E+02    -0.13063664E+02    -0.14133539E+02    -0.15185910E+02    -0.16216200E+02    -0.17220959E+02    -0.18197519E+02    -0.19143730E+02    -0.20057743E+02    -0.20937893E+02    -0.21782616E+02    -0.22590425E+02    -0.23359911E+02    -0.24089750E+02    -0.24778730E+02    -0.25425768E+02    -0.26029942E+02    -0.26590498E+02    -0.27106863E+02    -0.27578659E+02    -0.28005695E+02    -0.28387976E+02    -0.28725683E+02    -0.29019176E+02    -0.29268988E+02    -0.29475800E+02    -0.29640436E+02    -0.29763859E+02    -0.29847147E+02    -0.29891487E+02    -0.29898163E+02    -0.29868546E+02    -0.29804077E+02    -0.29706266E+02    -0.29576675E+02    -0.29416908E+02    -0.29228605E+02    -0.29013432E+02    -0.28773071E+02    -0.28509211E+02    -0.28223543E+02    -0.27917747E+02    -0.27593493E+02    -0.27252422E+02    -0.26896151E+02    -0.26526260E+02    -0.26144291E+02    -0.25751736E+02    -0.25350040E+02    -0.24940596E+02    -0.24524736E+02    -0.24103737E+02    -0.23678804E+02    -0.23251089E+02    -0.22821672E+02    -0.22391569E+02    -0.21961729E+02    -0.21533033E+02    -0.21106302E+02    -0.20682287E+02    -0.20261677E+02    -0.19845100E+02    -0.19433126E+02    -0.19026264E+02    -0.18624969E+02    -0.18229647E+02    -0.17840645E+02    -0.17458269E+02    -0.17082781E+02    -0.16714397E+02    -0.16353294E+02    -0.15999616E+02    -0.15653468E+02    -0.15314927E+02    -0.14984040E+02    -0.14660830E+02    -0.14345291E+02    -0.14037401E+02    -0.13737117E+02    -0.13444376E+02    -0.13159102E+02    -0.12881207E+02
     0.10000000E+02    -0.12033724E+01    -0.17973055E+01    -0.25777953E+01    -0.33851604E+01    -0.42084475E+01    -0.50655217E+01    -0.59753151E+01    -0.69423609E+01    -0.79604759E+01    -0.90182495E+01    -0.10102589E+02    -0.11200817E+02    -0.12301833E+02    -0.13396597E+02    -0.14478149E+02    -0.15541334E+02    -0.16582394E+02    -0.17598551E+02    -0.18587646E+02    -0.19547867E+02    -0.20477554E+02    -0.21375099E+02    -0.22238894E+02    -0.23067322E+02    -0.23858774E+02    -0.24611675E+02    -0.25324526E+02    -0.25995934E+02    -0.26624643E+02    -0.27209564E+02    -0.27749800E+02    -0.28244642E+02    -0.28693602E+02    -0.29096394E+02    -0.29452950E+02    -0.29763403E+02    -0.30028088E+02    -0.30247530E+02    -0.30422428E+02    -0.30553656E+02    -0.30642231E+02    -0.30689320E+02    -0.30696209E+02    -0.30664307E+02    -0.30595116E+02    -0.30490227E+02    -0.30351311E+02    -0.30180096E+02    -0.29978359E+02    -0.29747917E+02    -0.29490616E+02    -0.29208309E+02    -0.28902863E+02    -0.28576132E+02    -0.28229958E+02    -0.27866156E+02    -0.27486513E+02    -0.27092773E+02    -0.26686632E+02    -0.26269733E+02    -0.25843662E+02    -0.25409941E+02    -0.24970020E+02    -0.24525284E+02    -0.24077044E+02    -0.23626530E+02    -0.23174902E+02    -0.22723242E+02    -0.22272554E+02    -0.21823767E+02    -0.21377731E+02    -0.20935230E+02    -0.20496969E+02    -0.20063591E+02    -0.19635664E+02    -0.19213697E+02    -0.18798140E+02    -0.18389378E+02    -0.17987749E+02    -0.17593538E+02    -0.17206976E+02    -0.16828259E+02    -0.16457531E+02    -0.16094906E+02    -0.15740460E+02    -0.15394238E+02    -0.15056253E+02    -0.14726497E+02    -0.14404931E+02    -0.14091502E+02    -0.13786134E+02    -0.13488737E+02    -0.13199204E+02    -0.12917418E+02
     0.11000000E+02    -0.12119547E+01    -0.18262683E+01    -0.26160634E+01    -0.34402332E+01    -0.42907286E+01    -0.51790066E+01    -0.61195931E+01    -0.71151257E+01    -0.81583977E+01    -0.92373991E+01    -0.10338873E+02    -0.11450414E+02    -0.12561552E+02    -0.13664098E+02    -0.14752013E+02    -0.15821017E+02    -0.16868101E+02    -0.17891071E+02    -0.18888195E+02    -0.19857924E+02    -0.20798738E+02    -0.21709064E+02    -0.22587244E+02    -0.23431540E+02    -0.24240170E+02    -0.25011347E+02    -0.25743326E+02    -0.26434444E+02    -0.27083166E+02    -0.27688112E+02    -0.28248087E+02    -0.28762106E+02    -0.29229401E+02    -0.29649431E+02    -0.30021893E+02    -0.30346712E+02    -0.30624039E+02    -0.30854246E+02    -0.31037912E+02    -0.31175817E+02    -0.31268927E+02    -0.31318373E+02    -0.31325443E+02    -0.31291573E+02    -0.31218317E+02    -0.31107340E+02    -0.30960407E+02    -0.30779356E+02    -0.30566092E+02    -0.30322567E+02    -0.30050776E+02    -0.29752724E+02    -0.29430435E+02    -0.29085920E+02    -0.28721182E+02    -0.28338192E+02    -0.27938887E+02    -0.27525154E+02    -0.27098831E+02    -0.26661692E+02    -0.26215441E+02    -0.25761713E+02    -0.25302063E+02    -0.24837965E+02    -0.24370806E+02    -0.23901894E+02    -0.23432446E+02    -0.22963591E+02    -0.22496374E+02    -0.22031757E+02    -0.21570616E+02    -0.21113743E+02    -0.20661856E+02    -0.20215595E+02    -0.19775526E+02    -0.19342150E+02    -0.18915897E+02    -0.18497141E+02    -0.18086193E+02    -0.17683313E+02    -0.17288712E+02    -0.16902552E+02    -0.16524954E+02    -0.16155996E+02    -0.15795731E+02    -0.15444167E+02    -0.15101293E+02    -0.14767066E+02    -0.14441425E+02    -0.14124285E+02    -0.13815545E+02    -0.13515088E+02    -0.13222786E+02    -0.12938495E+02
     0.12000000E+02    -0.12195185E+01    -0.18512934E+01    -0.26486108E+01    -0.34866850E+01    -0.43606634E+01    -0.52763162E+01    -0.62436314E+01    -0.72632113E+01    -0.83268738E+01    -0.94221764E+01    -0.10535890E+02    -0.11656054E+02    -0.12772943E+02    -0.13879263E+02    -0.14969878E+02    -0.16041311E+02    -0.17091215E+02    -0.18117886E+02    -0.19119925E+02    -0.20095987E+02    -0.21044649E+02    -0.21964350E+02    -0.22853371E+02    -0.23709873E+02    -0.24531925E+02    -0.25317562E+02    -0.26064833E+02    -0.26771851E+02    -0.27436838E+02    -0.28058170E+02    -0.28634401E+02    -0.29164293E+02    -0.29646841E+02    -0.30081276E+02    -0.30467083E+02    -0.30803993E+02    -0.31091993E+02    -0.31331312E+02    -0.31522415E+02    -0.31665998E+02    -0.31762962E+02    -0.31814411E+02    -0.31821630E+02    -0.31786074E+02    -0.31709339E+02    -0.31593159E+02    -0.31439377E+02    -0.31249935E+02    -0.31026848E+02    -0.30772196E+02    -0.30488100E+02    -0.30176708E+02    -0.29840181E+02    -0.29480677E+02    -0.29100334E+02    -0.28701267E+02    -0.28285543E+02    -0.27855179E+02    -0.27412134E+02    -0.26958294E+02    -0.26495468E+02    -0.26025383E+02    -0.25549679E+02    -0.25069904E+02    -0.24587513E+02    -0.24103867E+02    -0.23620228E+02    -0.23137764E+02    -0.22657547E+02    -0.22180557E+02    -0.21707684E+02    -0.21239727E+02    -0.20777401E+02    -0.20321341E+02    -0.19872103E+02    -0.19430174E+02    -0.18995966E+02    -0.18569830E+02    -0.18152058E+02    -0.17742882E+02    -0.17342489E+02    -0.16951012E+02    -0.16568546E+02    -0.16195145E+02    -0.15830827E+02    -0.15475579E+02    -0.15129363E+02    -0.14792111E+02    -0.14463736E+02    -0.14144131E+02    -0.13833173E+02    -0.13530724E+02    -0.13236633E+02    -0.12950744E+02
     0.13000000E+02    -0.12261882E+01    -0.18730037E+01    -0.26766844E+01    -0.35265434E+01    -0.44207749E+01    -0.53603086E+01    -0.63507133E+01    -0.73905077E+01    -0.84705982E+01    -0.95782480E+01    -0.10700415E+02    -0.11825710E+02    -0.12945219E+02    -0.14052543E+02    -0.15143396E+02    -0.16215025E+02    -0.17265640E+02    -0.18293940E+02    -0.19298777E+02    -0.20278955E+02    -0.21233107E+02    -0.22159662E+02    -0.23056852E+02    -0.23922737E+02    -0.24755268E+02    -0.25552330E+02    -0.26311800E+02    -0.27031607E+02    -0.27709774E+02    -0.28344465E+02    -0.28934025E+02    -0.29477003E+02    -0.29972179E+02    -0.30418592E+02    -0.30815533E+02    -0.31162567E+02    -0.31459526E+02    -0.31706512E+02    -0.31903887E+02    -0.32052261E+02    -0.32152481E+02    -0.32205620E+02    -0.32212955E+02    -0.32175957E+02    -0.32096264E+02    -0.31975658E+02    -0.31816061E+02    -0.31619501E+02    -0.31388096E+02    -0.31124035E+02    -0.30829554E+02    -0.30506927E+02    -0.30158442E+02    -0.29786379E+02    -0.29393003E+02    -0.28980551E+02    -0.28551205E+02    -0.28107096E+02    -0.27650284E+02    -0.27182751E+02    -0.26706394E+02    -0.26223021E+02    -0.25734339E+02    -0.25241957E+02    -0.24747381E+02    -0.24252012E+02    -0.23757149E+02    -0.23263983E+02    -0.22773605E+02    -0.22287008E+02    -0.21805082E+02    -0.21328629E+02    -0.20858358E+02    -0.20394894E+02    -0.19938778E+02    -0.19490479E+02    -0.19050392E+02    -0.18618847E+02    -0.18196110E+02    -0.17782393E+02    -0.17377853E+02    -0.16982605E+02    -0.16596714E+02    -0.16220213E+02    -0.15853095E+02    -0.15495325E+02    -0.15146841E+02    -0.14807555E+02    -0.14477360E+02    -0.14156129E+02    -0.13843722E+02    -0.13539986E+02    -0.13244754E+02    -0.12957851E+02
     0.14000000E+02    -0.12320728E+01    -0.18919061E+01    -0.27011960E+01    -0.35612695E+01    -0.44729652E+01    -0.54332333E+01    -0.64434996E+01    -0.75002222E+01    -0.85934610E+01    -0.97103052E+01    -0.10838025E+02    -0.11965888E+02    -0.13085818E+02    -0.14192286E+02    -0.15281785E+02    -0.16352194E+02    -0.17402185E+02    -0.18430773E+02    -0.19436996E+02    -0.20419754E+02    -0.21377705E+02    -0.22309261E+02    -0.23212597E+02    -0.24085693E+02    -0.24926395E+02    -0.25732468E+02    -0.26501652E+02    -0.27231720E+02    -0.27920534E+02    -0.28566086E+02    -0.29166536E+02    -0.29720255E+02    -0.30225845E+02    -0.30682171E+02    -0.31088360E+02    -0.31443827E+02    -0.31748272E+02    -0.32001678E+02    -0.32204308E+02    -0.32356701E+02    -0.32459656E+02    -0.32514206E+02    -0.32521633E+02    -0.32483406E+02    -0.32401199E+02    -0.32276852E+02    -0.32112339E+02    -0.31909773E+02    -0.31671356E+02    -0.31399376E+02    -0.31096178E+02    -0.30764141E+02    -0.30405663E+02    -0.30023134E+02    -0.29618933E+02    -0.29195395E+02    -0.28754808E+02    -0.28299400E+02    -0.27831314E+02    -0.27352617E+02    -0.26865278E+02    -0.26371168E+02    -0.25872051E+02    -0.25369585E+02    -0.24865314E+02    -0.24360672E+02    -0.23856977E+02    -0.23355444E+02    -0.22857170E+02    -0.22363152E+02    -0.21874283E+02    -0.21391356E+02    -0.20915071E+02    -0.20446041E+02    -0.19984795E+02    -0.19531780E+02    -0.19087374E+02    -0.18651884E+02    -0.18225557E+02    -0.17808580E+02    -0.17401093E+02    -0.17003183E+02    -0.16614901E+02    -0.16236250E+02    -0.15867209E+02    -0.15507723E+02    -0.15157710E+02    -0.14817066E+02    -0.14485668E+02    -0.14163374E+02    -0.13850029E+02    -0.13545466E+02    -0.13249509E+02    -0.12961971E+02
     0.15000000E+02    -0.12372683E+01    -0.19084201E+01    -0.27228248E+01    -0.35919282E+01    -0.45186920E+01    -0.54968910E+01    -0.65241804E+01    -0.75950274E+01    -0.86987123E+01    -0.98222532E+01    -0.10953324E+02    -0.12081903E+02    -0.13200755E+02    -0.14305169E+02    -0.15392341E+02    -0.16460688E+02    -0.17509256E+02    -0.18537298E+02    -0.19543985E+02    -0.20528271E+02    -0.21488817E+02    -0.22424007E+02    -0.23331963E+02    -0.24210594E+02    -0.25057665E+02    -0.25870834E+02    -0.26647738E+02    -0.27386021E+02    -0.28083412E+02    -0.28737761E+02    -0.29347078E+02    -0.29909584E+02    -0.30423731E+02    -0.30888227E+02    -0.31302067E+02    -0.31664530E+02    -0.31975197E+02    -0.32233948E+02    -0.32440964E+02    -0.32596714E+02    -0.32701946E+02    -0.32757675E+02    -0.32765160E+02    -0.32725891E+02    -0.32641563E+02    -0.32514057E+02    -0.32345406E+02    -0.32137787E+02    -0.31893490E+02    -0.31614880E+02    -0.31304394E+02    -0.30964508E+02    -0.30597715E+02    -0.30206507E+02    -0.29793352E+02    -0.29360678E+02    -0.28910860E+02    -0.28446203E+02    -0.27968931E+02    -0.27481173E+02    -0.26984962E+02    -0.26482218E+02    -0.25974752E+02    -0.25464258E+02    -0.24952311E+02    -0.24440363E+02    -0.23929756E+02    -0.23421709E+02    -0.22917328E+02    -0.22417606E+02    -0.21923435E+02    -0.21435598E+02    -0.20954786E+02    -0.20481596E+02    -0.20016541E+02    -0.19560053E+02    -0.19112488E+02    -0.18674137E+02    -0.18245228E+02    -0.17825926E+02    -0.17416353E+02    -0.17016577E+02    -0.16626629E+02    -0.16246498E+02    -0.15876145E+02    -0.15515499E+02    -0.15164462E+02    -0.14822918E+02    -0.14490729E+02    -0.14167744E+02    -0.13853795E+02    -0.13548707E+02    -0.13252293E+02    -0.12964359E+02
     0.16000000E+02    -0.12418586E+01    -0.19228967E+01    -0.27420859E+01    -0.36193039E+01    -0.45590858E+01    -0.55527444E+01    -0.65945787E+01    -0.76771665E+01    -0.87890806E+01    -0.99173489E+01    -0.11050120E+02    -0.12178109E+02    -0.13294898E+02    -0.14396536E+02    -0.15480839E+02    -0.16546675E+02    -0.17593388E+02    -0.18620401E+02    -0.19626970E+02    -0.20612070E+02    -0.21574358E+02    -0.22512178E+02    -0.23423601E+02    -0.24306479E+02    -0.25158503E+02    -0.25977255E+02    -0.26760279E+02    -0.27505123E+02    -0.28209408E+02    -0.28870863E+02    -0.29487381E+02    -0.30057051E+02    -0.30578197E+02    -0.31049408E+02    -0.31469549E+02    -0.31837791E+02    -0.32153610E+02    -0.32416798E+02    -0.32627453E+02    -0.32785992E+02    -0.32893116E+02    -0.32949814E+02    -0.32957336E+02    -0.32917183E+02    -0.32831062E+02    -0.32700901E+02    -0.32528778E+02    -0.32316929E+02    -0.32067711E+02    -0.31783566E+02    -0.31467012E+02    -0.31120605E+02    -0.30746925E+02    -0.30348545E+02    -0.29928013E+02    -0.29487839E+02    -0.29030468E+02    -0.28558275E+02    -0.28073545E+02    -0.27578465E+02    -0.27075113E+02    -0.26565456E+02    -0.26051336E+02    -0.25534477E+02    -0.25016476E+02    -0.24498802E+02    -0.23982805E+02    -0.23469711E+02    -0.22960625E+02    -0.22456539E+02    -0.21958338E+02    -0.21466793E+02    -0.20982586E+02    -0.20506300E+02    -0.20038429E+02    -0.19579393E+02    -0.19129532E+02    -0.18689116E+02    -0.18258356E+02    -0.17837404E+02    -0.17426363E+02    -0.17025286E+02    -0.16634186E+02    -0.16253042E+02    -0.15881799E+02    -0.15520371E+02    -0.15168653E+02    -0.14826515E+02    -0.14493812E+02    -0.14170380E+02    -0.13856046E+02    -0.13550625E+02    -0.13253925E+02    -0.12965748E+02
     0.17000000E+02    -0.12459177E+01    -0.19356316E+01    -0.27593770E+01    -0.36439831E+01    -0.45950360E+01    -0.56019940E+01    -0.66562204E+01    -0.77485313E+01    -0.88668604E+01    -0.99983149E+01    -0.11131564E+02    -0.12258066E+02    -0.13372185E+02    -0.14470664E+02    -0.15551854E+02    -0.16614996E+02    -0.17659662E+02    -0.18685394E+02    -0.19691496E+02    -0.20676945E+02    -0.21640371E+02    -0.22580080E+02    -0.23494101E+02    -0.24380232E+02    -0.25236105E+02    -0.26059240E+02    -0.26847109E+02    -0.27597183E+02    -0.28306992E+02    -0.28974173E+02    -0.29596518E+02    -0.30172010E+02    -0.30698870E+02    -0.31175573E+02    -0.31600889E+02    -0.31973886E+02    -0.32293953E+02    -0.32560802E+02    -0.32774471E+02    -0.32935314E+02    -0.33043999E+02    -0.33101490E+02    -0.33109028E+02    -0.33068119E+02    -0.32980495E+02    -0.32848103E+02    -0.32673073E+02    -0.32457691E+02    -0.32204372E+02    -0.31915623E+02    -0.31594032E+02    -0.31242228E+02    -0.30862860E+02    -0.30458570E+02    -0.30031984E+02    -0.29585672E+02    -0.29122145E+02    -0.28643831E+02    -0.28153070E+02    -0.27652092E+02    -0.27143017E+02    -0.26627840E+02    -0.26108438E+02    -0.25586552E+02    -0.25063793E+02    -0.24541645E+02    -0.24021461E+02    -0.23504471E+02    -0.22991776E+02    -0.22484364E+02    -0.21983109E+02    -0.21488777E+02    -0.21002035E+02    -0.20523453E+02    -0.20053513E+02    -0.19592615E+02    -0.19141088E+02    -0.18699190E+02    -0.18267113E+02    -0.17844994E+02    -0.17432924E+02    -0.17030943E+02    -0.16639053E+02    -0.16257217E+02    -0.15885372E+02    -0.15523424E+02    -0.15171255E+02    -0.14828729E+02    -0.14495691E+02    -0.14171973E+02    -0.13857395E+02    -0.13551766E+02    -0.13254889E+02    -0.12966562E+02
     0.18000000E+02    -0.12495103E+01    -0.19468751E+01    -0.27750094E+01    -0.36664102E+01    -0.46272511E+01    -0.56456327E+01    -0.67103934E+01    -0.78107224E+01    -0.89339876E+01    -0.10067430E+02    -0.11200268E+02    -0.12324693E+02    -0.13435807E+02    -0.14530974E+02    -0.15609008E+02    -0.16669447E+02    -0.17712034E+02    -0.18736387E+02    -0.19741829E+02    -0.20727322E+02    -0.21691465E+02    -0.22632524E+02    -0.23548485E+02    -0.24437103E+02    -0.25295961E+02    -0.26122534E+02    -0.26914230E+02    -0.27668461E+02    -0.28382687E+02    -0.29054468E+02    -0.29681515E+02    -0.30261724E+02    -0.30793228E+02    -0.31274414E+02    -0.31703962E+02    -0.32080860E+02    -0.32404415E+02    -0.32674278E+02    -0.32890427E+02    -0.33053165E+02    -0.33163132E+02    -0.33221264E+02    -0.33228802E+02    -0.33187248E+02    -0.33098358E+02    -0.32964100E+02    -0.32786644E+02    -0.32568317E+02    -0.32311588E+02    -0.32019020E+02    -0.31693260E+02    -0.31336996E+02    -0.30952944E+02    -0.30543806E+02    -0.30112263E+02    -0.29660946E+02    -0.29192413E+02    -0.28709145E+02    -0.28213520E+02    -0.27707806E+02    -0.27194157E+02    -0.26674591E+02    -0.26151009E+02    -0.25625162E+02    -0.25098679E+02    -0.24573048E+02    -0.24049623E+02    -0.23529634E+02    -0.23014179E+02    -0.22504240E+02    -0.22000683E+02    -0.21504261E+02    -0.21015633E+02    -0.20535355E+02    -0.20063896E+02    -0.19601648E+02    -0.19148920E+02    -0.18705959E+02    -0.18272947E+02    -0.17850010E+02    -0.17437223E+02    -0.17034618E+02    -0.16642185E+02    -0.16259882E+02    -0.15887634E+02    -0.15525339E+02    -0.15172873E+02    -0.14830095E+02    -0.14496842E+02    -0.14172942E+02    -0.13858210E+02    -0.13552451E+02    -0.13255466E+02    -0.12967047E+02
     0.19000000E+02    -0.12526934E+01    -0.19568391E+01    -0.27892301E+01    -0.36869280E+01    -0.46563015E+01    -0.56844897E+01    -0.67581840E+01    -0.78650961E+01    -0.89920940E+01    -0.10126598E+02    -0.11258393E+02    -0.12380382E+02    -0.13488347E+02    -0.14580209E+02    -0.15655168E+02    -0.16713003E+02    -0.17753576E+02    -0.18776552E+02    -0.19781246E+02    -0.20766596E+02    -0.21731161E+02    -0.22673174E+02    -0.23590578E+02    -0.24481094E+02    -0.25342266E+02    -0.26171526E+02    -0.26966238E+02    -0.27723766E+02    -0.28441513E+02    -0.29116982E+02    -0.29747812E+02    -0.30331833E+02    -0.30867102E+02    -0.31351933E+02    -0.31784929E+02    -0.32165012E+02    -0.32491425E+02    -0.32763756E+02    -0.32981934E+02    -0.33146225E+02    -0.33257236E+02    -0.33315887E+02    -0.33323410E+02    -0.33281307E+02    -0.33191349E+02    -0.33055534E+02    -0.32876053E+02    -0.32655277E+02    -0.32395718E+02    -0.32099987E+02    -0.31770784E+02    -0.31410851E+02    -0.31022949E+02    -0.30609840E+02    -0.30174252E+02    -0.29718861E+02    -0.29246271E+02    -0.28759003E+02    -0.28259466E+02    -0.27749962E+02    -0.27232666E+02    -0.26709621E+02    -0.26182737E+02    -0.25653784E+02    -0.25124393E+02    -0.24596056E+02    -0.24070131E+02    -0.23547842E+02    -0.23030285E+02    -0.22518433E+02    -0.22013142E+02    -0.21515162E+02    -0.21025135E+02    -0.20543608E+02    -0.20071043E+02    -0.19607815E+02    -0.19154224E+02    -0.18710506E+02    -0.18276834E+02    -0.17853323E+02    -0.17440039E+02    -0.17037006E+02    -0.16644205E+02    -0.16261587E+02    -0.15889069E+02    -0.15526546E+02    -0.15173886E+02    -0.14830944E+02    -0.14497554E+02    -0.14173538E+02    -0.13858709E+02    -0.13552871E+02    -0.13255818E+02    -0.12967344E+02
     0.20000000E+02    -0.12555169E+01    -0.19657041E+01    -0.28022385E+01    -0.37058053E+01    -0.46826515E+01    -0.57192578E+01    -0.68005142E+01    -0.79128032E+01    -0.90425587E+01    -0.10177419E+02    -0.11307734E+02    -0.12427090E+02    -0.13531897E+02    -0.14620561E+02    -0.15692607E+02    -0.16748001E+02    -0.17786686E+02    -0.18808340E+02    -0.19812263E+02    -0.20797359E+02    -0.21762148E+02    -0.22704824E+02    -0.23623301E+02    -0.24515259E+02    -0.25378218E+02    -0.26209574E+02    -0.27006659E+02    -0.27766794E+02    -0.28487343E+02    -0.29165756E+02    -0.29799623E+02    -0.30386713E+02    -0.30925022E+02    -0.31412806E+02    -0.31848606E+02    -0.32231281E+02    -0.32560024E+02    -0.32834370E+02    -0.33054203E+02    -0.33219761E+02    -0.33331615E+02    -0.33390678E+02    -0.33398170E+02    -0.33355602E+02    -0.33264748E+02    -0.33127625E+02    -0.32946461E+02    -0.32723652E+02    -0.32461746E+02    -0.32163406E+02    -0.31831364E+02    -0.31468410E+02    -0.31077354E+02    -0.30661001E+02    -0.30222116E+02    -0.29763420E+02    -0.29287552E+02    -0.28797060E+02    -0.28294386E+02    -0.27781855E+02    -0.27261660E+02    -0.26735863E+02    -0.26206381E+02    -0.25674995E+02    -0.25143339E+02    -0.24612909E+02    -0.24085060E+02    -0.23561012E+02    -0.23041857E+02    -0.22528561E+02    -0.22021973E+02    -0.21522831E+02    -0.21031771E+02    -0.20549330E+02    -0.20075958E+02    -0.19612024E+02    -0.19157816E+02    -0.18713564E+02    -0.18279427E+02    -0.17855515E+02    -0.17441889E+02    -0.17038561E+02    -0.16645512E+02    -0.16262680E+02    -0.15889985E+02    -0.15527311E+02    -0.15174526E+02    -0.14831479E+02    -0.14498001E+02    -0.14173913E+02    -0.13859024E+02    -0.13553136E+02    -0.13256042E+02    -0.12967534E+02
     0.21000000E+02    -0.12580247E+01    -0.19736233E+01    -0.28141968E+01    -0.37232571E+01    -0.47066813E+01    -0.57505202E+01    -0.68381667E+01    -0.79548197E+01    -0.90865459E+01    -0.10221227E+02    -0.11349776E+02    -0.12466423E+02    -0.13568150E+02    -0.14653786E+02    -0.15723125E+02    -0.16776272E+02    -0.17813221E+02    -0.18833647E+02    -0.19836819E+02    -0.20821602E+02    -0.21786480E+02    -0.22729610E+02    -0.23648872E+02    -0.24541927E+02    -0.25406261E+02    -0.26239248E+02    -0.27038193E+02    -0.27800386E+02    -0.28523157E+02    -0.29203917E+02    -0.29840210E+02    -0.30429764E+02    -0.30970522E+02    -0.31460690E+02    -0.31898758E+02    -0.32283535E+02    -0.32614170E+02    -0.32890148E+02    -0.33111328E+02    -0.33277908E+02    -0.33390446E+02    -0.33449833E+02    -0.33457283E+02    -0.33414310E+02    -0.33322701E+02    -0.33184490E+02    -0.33001923E+02    -0.32777428E+02    -0.32513584E+02    -0.32213085E+02    -0.31878708E+02    -0.31513277E+02    -0.31119642E+02    -0.30700642E+02    -0.30259079E+02    -0.29797707E+02    -0.29319191E+02    -0.28826109E+02    -0.28320925E+02    -0.27805981E+02    -0.27283487E+02    -0.26755516E+02    -0.26223995E+02    -0.25690710E+02    -0.25157295E+02    -0.24625250E+02    -0.24095922E+02    -0.23570534E+02    -0.23050169E+02    -0.22535786E+02    -0.22028227E+02    -0.21528225E+02    -0.21036406E+02    -0.20553297E+02    -0.20079342E+02    -0.19614899E+02    -0.19160252E+02    -0.18715620E+02    -0.18281158E+02    -0.17856968E+02    -0.17443106E+02    -0.17039579E+02    -0.16646360E+02    -0.16263390E+02    -0.15890576E+02    -0.15527804E+02    -0.15174938E+02    -0.14831823E+02    -0.14498289E+02    -0.14174155E+02    -0.13859229E+02    -0.13553309E+02    -0.13256191E+02    -0.12967662E+02
  # End of file
