  # 
  # -------------------
  # k load Love number 
  # -------------------
  # 
  # Done by alma.f90 (SELEN port) on: 2010.12.08 time: 13.23.56
  # Heaviside loading
  # Range of harmonic degrees: 1 - 94
  # Number of digits: 64
  # Order of the Gaver sequence: 8
  # The sequence is accelerated
  # User-supplied stratification, model: /Users/giorgiospada/LAVORI/WDS/SELEN32/VSC/vsca_SANT.dat                                            
  # Number of mantle layers: 3
  # Time interval is from  0. to  21. kyrs
  # Time points: 22
  # 
  #    time (kyrs)      k(t) for degrees l= 1 ... 94
  # 
     0.10000000E-05    -0.10000000E+01    -0.24390766E+00    -0.16373840E+00    -0.11733796E+00    -0.94689392E-01    -0.82763143E-01    -0.75628877E-01    -0.70845775E-01    -0.67352481E-01    -0.64638481E-01    -0.62429491E-01    -0.60563054E-01    -0.58935691E-01    -0.57478249E-01    -0.56143150E-01    -0.54897137E-01    -0.53716816E-01    -0.52585747E-01    -0.51492475E-01    -0.50429150E-01    -0.49390521E-01    -0.48373237E-01    -0.47375299E-01    -0.46395652E-01    -0.45433912E-01    -0.44490118E-01    -0.43564580E-01    -0.42657752E-01    -0.41770149E-01    -0.40902279E-01    -0.40054597E-01    -0.39227497E-01    -0.38421273E-01    -0.37636124E-01    -0.36872156E-01    -0.36129370E-01    -0.35407692E-01    -0.34706958E-01    -0.34026932E-01    -0.33367321E-01    -0.32727774E-01    -0.32107893E-01    -0.31507242E-01    -0.30925363E-01    -0.30361768E-01    -0.29815949E-01    -0.29287398E-01    -0.28775586E-01    -0.28279990E-01    -0.27800085E-01    -0.27335351E-01    -0.26885269E-01    -0.26449332E-01    -0.26027041E-01    -0.25617909E-01    -0.25221460E-01    -0.24837228E-01    -0.24464766E-01    -0.24103634E-01    -0.23753414E-01    -0.23413695E-01    -0.23084082E-01    -0.22764195E-01    -0.22453666E-01    -0.22152144E-01    -0.21859290E-01    -0.21574777E-01    -0.21298289E-01    -0.21029526E-01    -0.20768201E-01    -0.20514034E-01    -0.20266758E-01    -0.20026118E-01    -0.19791871E-01    -0.19563779E-01    -0.19341620E-01    -0.19125177E-01    -0.18914241E-01    -0.18708616E-01    -0.18508112E-01    -0.18312545E-01    -0.18121742E-01    -0.17935533E-01    -0.17753761E-01    -0.17576270E-01    -0.17402913E-01    -0.17233549E-01    -0.17068040E-01    -0.16906258E-01    -0.16748078E-01    -0.16593378E-01    -0.16442046E-01    -0.16293969E-01    -0.16149044E-01
     0.10000000E+01    -0.10000000E+01    -0.47371766E+00    -0.37981638E+00    -0.31800485E+00    -0.28860116E+00    -0.27633050E+00    -0.27185869E+00    -0.27091447E+00    -0.27159524E+00    -0.27299893E+00    -0.27464887E+00    -0.27625975E+00    -0.27764198E+00    -0.27866206E+00    -0.27922556E+00    -0.27926919E+00    -0.27875635E+00    -0.27767345E+00    -0.27602676E+00    -0.27383888E+00    -0.27114531E+00    -0.26799092E+00    -0.26442686E+00    -0.26050752E+00    -0.25628820E+00    -0.25182304E+00    -0.24716356E+00    -0.24235757E+00    -0.23744851E+00    -0.23247512E+00    -0.22747129E+00    -0.22246628E+00    -0.21748485E+00    -0.21254764E+00    -0.20767161E+00    -0.20287037E+00    -0.19815460E+00    -0.19353250E+00    -0.18901008E+00    -0.18459156E+00    -0.18027960E+00    -0.17607564E+00    -0.17198007E+00    -0.16799244E+00    -0.16411166E+00    -0.16033609E+00    -0.15666376E+00    -0.15309234E+00    -0.14961931E+00    -0.14624202E+00    -0.14295770E+00    -0.13976356E+00    -0.13665681E+00    -0.13363463E+00    -0.13069430E+00    -0.12783313E+00    -0.12504847E+00    -0.12233780E+00    -0.11969865E+00    -0.11712863E+00    -0.11462547E+00    -0.11218695E+00    -0.10981097E+00    -0.10749550E+00    -0.10523859E+00    -0.10303839E+00    -0.10089310E+00    -0.98801017E-01    -0.96760511E-01    -0.94770022E-01    -0.92828035E-01    -0.90933114E-01    -0.89083888E-01    -0.87279022E-01    -0.85517257E-01    -0.83797373E-01    -0.82118198E-01    -0.80478601E-01    -0.78877501E-01    -0.77313863E-01    -0.75786673E-01    -0.74294969E-01    -0.72837822E-01    -0.71414329E-01    -0.70023619E-01    -0.68664856E-01    -0.67337222E-01    -0.66039935E-01    -0.64772233E-01    -0.63533381E-01    -0.62322672E-01    -0.61139405E-01    -0.59982914E-01    -0.58852546E-01
     0.20000000E+01    -0.10000000E+01    -0.59903926E+00    -0.52079791E+00    -0.46070400E+00    -0.42791244E+00    -0.41309229E+00    -0.40775597E+00    -0.40734404E+00    -0.40958494E+00    -0.41326174E+00    -0.41763088E+00    -0.42217806E+00    -0.42651942E+00    -0.43036172E+00    -0.43348500E+00    -0.43573350E+00    -0.43700820E+00    -0.43725985E+00    -0.43648124E+00    -0.43469951E+00    -0.43196818E+00    -0.42835993E+00    -0.42395991E+00    -0.41886008E+00    -0.41315463E+00    -0.40693617E+00    -0.40029335E+00    -0.39330870E+00    -0.38605779E+00    -0.37860849E+00    -0.37102088E+00    -0.36334738E+00    -0.35563320E+00    -0.34791678E+00    -0.34023055E+00    -0.33260134E+00    -0.32505122E+00    -0.31759799E+00    -0.31025580E+00    -0.30303562E+00    -0.29594585E+00    -0.28899252E+00    -0.28217992E+00    -0.27551064E+00    -0.26898611E+00    -0.26260665E+00    -0.25637183E+00    -0.25028050E+00    -0.24433097E+00    -0.23852122E+00    -0.23284888E+00    -0.22731140E+00    -0.22190607E+00    -0.21663004E+00    -0.21148047E+00    -0.20645446E+00    -0.20154913E+00    -0.19676161E+00    -0.19208911E+00    -0.18752886E+00    -0.18307815E+00    -0.17873438E+00    -0.17449495E+00    -0.17035739E+00    -0.16631928E+00    -0.16237827E+00    -0.15853208E+00    -0.15477853E+00    -0.15111542E+00    -0.14754070E+00    -0.14405236E+00    -0.14064842E+00    -0.13732697E+00    -0.13408615E+00    -0.13092414E+00    -0.12783919E+00    -0.12482958E+00    -0.12189361E+00    -0.11902966E+00    -0.11623613E+00    -0.11351144E+00    -0.11085405E+00    -0.10826247E+00    -0.10573523E+00    -0.10327090E+00    -0.10086803E+00    -0.98525271E-01    -0.96241243E-01    -0.94014622E-01    -0.91844097E-01    -0.89728385E-01    -0.87666221E-01    -0.85656367E-01    -0.83697602E-01
     0.30000000E+01    -0.10000000E+01    -0.67415172E+00    -0.61585182E+00    -0.56376815E+00    -0.53040731E+00    -0.51353663E+00    -0.50704932E+00    -0.50671613E+00    -0.51006371E+00    -0.51557785E+00    -0.52223361E+00    -0.52927816E+00    -0.53613752E+00    -0.54237515E+00    -0.54766977E+00    -0.55180007E+00    -0.55463034E+00    -0.55609697E+00    -0.55619425E+00    -0.55496168E+00    -0.55247176E+00    -0.54881954E+00    -0.54411399E+00    -0.53847080E+00    -0.53200692E+00    -0.52483660E+00    -0.51706845E+00    -0.50880373E+00    -0.50013518E+00    -0.49114659E+00    -0.48191282E+00    -0.47249982E+00    -0.46296534E+00    -0.45335940E+00    -0.44372490E+00    -0.43409848E+00    -0.42451102E+00    -0.41498843E+00    -0.40555218E+00    -0.39621991E+00    -0.38700598E+00    -0.37792194E+00    -0.36897689E+00    -0.36017787E+00    -0.35153025E+00    -0.34303796E+00    -0.33470368E+00    -0.32652918E+00    -0.31851530E+00    -0.31066239E+00    -0.30297011E+00    -0.29543775E+00    -0.28806427E+00    -0.28084832E+00    -0.27378836E+00    -0.26688269E+00    -0.26012942E+00    -0.25352666E+00    -0.24707238E+00    -0.24076451E+00    -0.23460095E+00    -0.22857958E+00    -0.22269824E+00    -0.21695480E+00    -0.21134707E+00    -0.20587292E+00    -0.20053017E+00    -0.19531666E+00    -0.19023024E+00    -0.18526874E+00    -0.18043002E+00    -0.17571196E+00    -0.17111240E+00    -0.16662921E+00    -0.16226025E+00    -0.15800340E+00    -0.15385656E+00    -0.14981760E+00    -0.14588441E+00    -0.14205490E+00    -0.13832699E+00    -0.13469857E+00    -0.13116761E+00    -0.12773199E+00    -0.12438971E+00    -0.12113871E+00    -0.11797696E+00    -0.11490247E+00    -0.11191323E+00    -0.10900728E+00    -0.10618265E+00    -0.10343741E+00    -0.10076965E+00    -0.98177448E-01
     0.40000000E+01    -0.10000000E+01    -0.72291857E+00    -0.68148351E+00    -0.63896036E+00    -0.60713792E+00    -0.58949286E+00    -0.58253747E+00    -0.58258760E+00    -0.58705842E+00    -0.59418553E+00    -0.60270405E+00    -0.61166990E+00    -0.62037122E+00    -0.62828141E+00    -0.63502842E+00    -0.64036977E+00    -0.64416909E+00    -0.64637434E+00    -0.64699805E+00    -0.64609939E+00    -0.64376980E+00    -0.64012080E+00    -0.63527477E+00    -0.62935805E+00    -0.62249601E+00    -0.61480951E+00    -0.60641295E+00    -0.59741253E+00    -0.58790588E+00    -0.57798177E+00    -0.56772012E+00    -0.55719233E+00    -0.54646188E+00    -0.53558475E+00    -0.52460998E+00    -0.51358032E+00    -0.50253296E+00    -0.49149987E+00    -0.48050866E+00    -0.46958280E+00    -0.45874232E+00    -0.44800425E+00    -0.43738282E+00    -0.42689005E+00    -0.41653594E+00    -0.40632883E+00    -0.39627549E+00    -0.38638154E+00    -0.37665150E+00    -0.36708897E+00    -0.35769680E+00    -0.34847715E+00    -0.33943167E+00    -0.33056146E+00    -0.32186723E+00    -0.31334934E+00    -0.30500785E+00    -0.29684255E+00    -0.28885293E+00    -0.28103834E+00    -0.27339795E+00    -0.26593065E+00    -0.25863528E+00    -0.25151047E+00    -0.24455476E+00    -0.23776655E+00    -0.23114413E+00    -0.22468564E+00    -0.21838920E+00    -0.21225274E+00    -0.20627418E+00    -0.20045131E+00    -0.19478188E+00    -0.18926354E+00    -0.18389387E+00    -0.17867042E+00    -0.17359066E+00    -0.16865200E+00    -0.16385186E+00    -0.15918754E+00    -0.15465640E+00    -0.15025571E+00    -0.14598271E+00    -0.14183468E+00    -0.13780884E+00    -0.13390242E+00    -0.13011265E+00    -0.12643674E+00    -0.12287195E+00    -0.11941551E+00    -0.11606470E+00    -0.11281677E+00    -0.10966904E+00    -0.10661884E+00
     0.50000000E+01    -0.10000000E+01    -0.75718570E+00    -0.72801608E+00    -0.69447494E+00    -0.66558594E+00    -0.64844710E+00    -0.64183092E+00    -0.64263701E+00    -0.64824605E+00    -0.65671712E+00    -0.66661620E+00    -0.67687541E+00    -0.68670762E+00    -0.69555253E+00    -0.70303464E+00    -0.70892763E+00    -0.71312129E+00    -0.71559232E+00    -0.71637976E+00    -0.71556413E+00    -0.71325201E+00    -0.70956397E+00    -0.70462638E+00    -0.69856560E+00    -0.69150436E+00    -0.68355948E+00    -0.67484075E+00    -0.66545010E+00    -0.65548152E+00    -0.64502108E+00    -0.63414735E+00    -0.62293136E+00    -0.61143744E+00    -0.59972328E+00    -0.58784068E+00    -0.57583588E+00    -0.56374991E+00    -0.55161923E+00    -0.53947622E+00    -0.52734923E+00    -0.51526350E+00    -0.50324094E+00    -0.49130112E+00    -0.47946092E+00    -0.46773529E+00    -0.45613721E+00    -0.44467813E+00    -0.43336800E+00    -0.42221546E+00    -0.41122809E+00    -0.40041244E+00    -0.38977420E+00    -0.37931827E+00    -0.36904880E+00    -0.35896933E+00    -0.34908286E+00    -0.33939180E+00    -0.32989809E+00    -0.32060328E+00    -0.31150845E+00    -0.30261430E+00    -0.29392120E+00    -0.28542918E+00    -0.27713788E+00    -0.26904672E+00    -0.26115486E+00    -0.25346109E+00    -0.24596408E+00    -0.23866214E+00    -0.23155344E+00    -0.22463591E+00    -0.21790731E+00    -0.21136519E+00    -0.20500699E+00    -0.19882993E+00    -0.19283114E+00    -0.18700761E+00    -0.18135622E+00    -0.17587373E+00    -0.17055684E+00    -0.16540219E+00    -0.16040629E+00    -0.15556565E+00    -0.15087673E+00    -0.14633594E+00    -0.14193968E+00    -0.13768436E+00    -0.13356633E+00    -0.12958200E+00    -0.12572776E+00    -0.12200000E+00    -0.11839520E+00    -0.11490981E+00    -0.11154035E+00
     0.60000000E+01    -0.10000000E+01    -0.78294277E+00    -0.76195550E+00    -0.73603010E+00    -0.71086687E+00    -0.69523311E+00    -0.68959218E+00    -0.69139504E+00    -0.69806075E+00    -0.70755452E+00    -0.71834844E+00    -0.72931695E+00    -0.73965400E+00    -0.74881107E+00    -0.75644410E+00    -0.76236701E+00    -0.76651055E+00    -0.76888728E+00    -0.76956367E+00    -0.76863861E+00    -0.76622796E+00    -0.76245439E+00    -0.75744069E+00    -0.75130558E+00    -0.74416202E+00    -0.73611611E+00    -0.72726697E+00    -0.71770644E+00    -0.70752001E+00    -0.69678658E+00    -0.68557906E+00    -0.67396474E+00    -0.66200542E+00    -0.64975792E+00    -0.63727421E+00    -0.62460190E+00    -0.61178434E+00    -0.59886092E+00    -0.58586764E+00    -0.57283694E+00    -0.55979830E+00    -0.54677844E+00    -0.53380156E+00    -0.52088940E+00    -0.50806171E+00    -0.49533626E+00    -0.48272920E+00    -0.47025499E+00    -0.45792669E+00    -0.44575608E+00    -0.43375370E+00    -0.42192903E+00    -0.41029051E+00    -0.39884567E+00    -0.38760117E+00    -0.37656277E+00    -0.36573559E+00    -0.35512400E+00    -0.34473160E+00    -0.33456150E+00    -0.32461607E+00    -0.31489724E+00    -0.30540624E+00    -0.29614395E+00    -0.28711060E+00    -0.27830610E+00    -0.26972982E+00    -0.26138079E+00    -0.25325763E+00    -0.24535860E+00    -0.23768160E+00    -0.23022424E+00    -0.22298385E+00    -0.21595751E+00    -0.20914200E+00    -0.20253395E+00    -0.19612972E+00    -0.18992560E+00    -0.18391761E+00    -0.17810172E+00    -0.17247374E+00    -0.16702943E+00    -0.16176441E+00    -0.15667430E+00    -0.15175465E+00    -0.14700097E+00    -0.14240877E+00    -0.13797356E+00    -0.13369085E+00    -0.12955619E+00    -0.12556513E+00    -0.12171330E+00    -0.11799635E+00    -0.11441001E+00
     0.70000000E+01    -0.10000000E+01    -0.80330789E+00    -0.78743720E+00    -0.76762325E+00    -0.74651694E+00    -0.73304617E+00    -0.72878486E+00    -0.73167604E+00    -0.73924083E+00    -0.74942631E+00    -0.76067817E+00    -0.77186817E+00    -0.78221518E+00    -0.79121447E+00    -0.79857486E+00    -0.80416310E+00    -0.80795580E+00    -0.81000119E+00    -0.81038952E+00    -0.80923265E+00    -0.80665004E+00    -0.80276054E+00    -0.79767799E+00    -0.79150903E+00    -0.78435278E+00    -0.77630115E+00    -0.76743942E+00    -0.75784689E+00    -0.74759781E+00    -0.73676157E+00    -0.72540343E+00    -0.71358460E+00    -0.70136279E+00    -0.68879199E+00    -0.67592287E+00    -0.66280288E+00    -0.64947635E+00    -0.63598460E+00    -0.62236613E+00    -0.60865670E+00    -0.59488952E+00    -0.58109534E+00    -0.56730258E+00    -0.55353755E+00    -0.53982460E+00    -0.52618617E+00    -0.51264280E+00    -0.49921361E+00    -0.48591599E+00    -0.47276592E+00    -0.45977804E+00    -0.44696563E+00    -0.43434080E+00    -0.42191449E+00    -0.40969646E+00    -0.39769551E+00    -0.38591933E+00    -0.37437478E+00    -0.36306766E+00    -0.35200295E+00    -0.34118482E+00    -0.33061659E+00    -0.32030085E+00    -0.31023943E+00    -0.30043349E+00    -0.29088357E+00    -0.28158951E+00    -0.27255064E+00    -0.26376572E+00    -0.25523305E+00    -0.24695042E+00    -0.23891516E+00    -0.23112430E+00    -0.22357440E+00    -0.21626176E+00    -0.20918238E+00    -0.20233200E+00    -0.19570611E+00    -0.18930002E+00    -0.18310885E+00    -0.17712763E+00    -0.17135121E+00    -0.16577438E+00    -0.16039187E+00    -0.15519834E+00    -0.15018846E+00    -0.14535686E+00    -0.14069819E+00    -0.13620715E+00    -0.13187844E+00    -0.12770683E+00    -0.12368717E+00    -0.11981438E+00    -0.11608346E+00
     0.80000000E+01    -0.10000000E+01    -0.81997806E+00    -0.80711764E+00    -0.79205513E+00    -0.77501029E+00    -0.76405632E+00    -0.76137531E+00    -0.76533413E+00    -0.77360445E+00    -0.78417748E+00    -0.79552573E+00    -0.80656087E+00    -0.81655693E+00    -0.82507318E+00    -0.83188218E+00    -0.83690703E+00    -0.84016883E+00    -0.84174687E+00    -0.84174979E+00    -0.84029633E+00    -0.83750445E+00    -0.83348513E+00    -0.82833993E+00    -0.82216126E+00    -0.81503260E+00    -0.80703056E+00    -0.79822552E+00    -0.78868347E+00    -0.77846652E+00    -0.76763386E+00    -0.75624210E+00    -0.74434555E+00    -0.73199666E+00    -0.71924567E+00    -0.70614100E+00    -0.69272894E+00    -0.67905390E+00    -0.66515827E+00    -0.65108228E+00    -0.63686424E+00    -0.62254041E+00    -0.60814500E+00    -0.59371030E+00    -0.57926679E+00    -0.56484300E+00    -0.55046558E+00    -0.53615957E+00    -0.52194822E+00    -0.50785333E+00    -0.49389485E+00    -0.48009136E+00    -0.46645996E+00    -0.45301625E+00    -0.43977451E+00    -0.42674762E+00    -0.41394719E+00    -0.40138355E+00    -0.38906583E+00    -0.37700200E+00    -0.36519888E+00    -0.35366222E+00    -0.34239674E+00    -0.33140615E+00    -0.32069322E+00    -0.31025985E+00    -0.30010709E+00    -0.29023519E+00    -0.28064364E+00    -0.27133125E+00    -0.26229620E+00    -0.25353602E+00    -0.24504778E+00    -0.23682798E+00    -0.22887273E+00    -0.22117770E+00    -0.21373820E+00    -0.20654927E+00    -0.19960563E+00    -0.19290181E+00    -0.18643208E+00    -0.18019064E+00    -0.17417151E+00    -0.16836864E+00    -0.16277587E+00    -0.15738706E+00    -0.15219605E+00    -0.14719667E+00    -0.14238276E+00    -0.13774826E+00    -0.13328715E+00    -0.12899348E+00    -0.12486143E+00    -0.12088527E+00    -0.11705934E+00
     0.90000000E+01    -0.10000000E+01    -0.83393502E+00    -0.82272518E+00    -0.81129283E+00    -0.79810065E+00    -0.78978133E+00    -0.78872949E+00    -0.79366618E+00    -0.80244505E+00    -0.81314713E+00    -0.82431197E+00    -0.83492059E+00    -0.84432197E+00    -0.85214978E+00    -0.85824370E+00    -0.86258084E+00    -0.86522180E+00    -0.86627054E+00    -0.86584759E+00    -0.86407369E+00    -0.86106110E+00    -0.85691023E+00    -0.85170913E+00    -0.84553480E+00    -0.83845544E+00    -0.83053213E+00    -0.82182121E+00    -0.81237525E+00    -0.80224472E+00    -0.79147851E+00    -0.78012466E+00    -0.76823038E+00    -0.75584233E+00    -0.74300677E+00    -0.72976905E+00    -0.71617395E+00    -0.70226520E+00    -0.68808556E+00    -0.67367649E+00    -0.65907812E+00    -0.64432925E+00    -0.62946713E+00    -0.61452734E+00    -0.59954399E+00    -0.58454943E+00    -0.56957436E+00    -0.55464774E+00    -0.53979695E+00    -0.52504760E+00    -0.51042360E+00    -0.49594721E+00    -0.48163912E+00    -0.46751830E+00    -0.45360211E+00    -0.43990639E+00    -0.42644542E+00    -0.41323200E+00    -0.40027741E+00    -0.38759154E+00    -0.37518293E+00    -0.36305878E+00    -0.35122502E+00    -0.33968636E+00    -0.32844639E+00    -0.31750757E+00    -0.30687132E+00    -0.29653814E+00    -0.28650761E+00    -0.27677846E+00    -0.26734865E+00    -0.25821543E+00    -0.24937539E+00    -0.24082458E+00    -0.23255850E+00    -0.22457220E+00    -0.21686028E+00    -0.20941703E+00    -0.20223643E+00    -0.19531219E+00    -0.18863785E+00    -0.18220674E+00    -0.17601210E+00    -0.17004707E+00    -0.16430475E+00    -0.15877821E+00    -0.15346053E+00    -0.14834481E+00    -0.14342424E+00    -0.13869207E+00    -0.13414162E+00    -0.12976637E+00    -0.12555991E+00    -0.12151592E+00    -0.11762830E+00
     0.10000000E+02    -0.10000000E+01    -0.84578991E+00    -0.83540154E+00    -0.82672262E+00    -0.81704903E+00    -0.81131512E+00    -0.81183964E+00    -0.81762940E+00    -0.82673556E+00    -0.83736032E+00    -0.84813744E+00    -0.85813707E+00    -0.86679411E+00    -0.87382048E+00    -0.87912065E+00    -0.88272059E+00    -0.88471329E+00    -0.88522065E+00    -0.88436937E+00    -0.88227773E+00    -0.87904960E+00    -0.87477344E+00    -0.86952317E+00    -0.86336118E+00    -0.85634077E+00    -0.84850889E+00    -0.83990860E+00    -0.83058029E+00    -0.82056355E+00    -0.80989766E+00    -0.79862243E+00    -0.78677815E+00    -0.77440602E+00    -0.76154780E+00    -0.74824589E+00    -0.73454303E+00    -0.72048187E+00    -0.70610511E+00    -0.69145495E+00    -0.67657292E+00    -0.66149980E+00    -0.64627534E+00    -0.63093805E+00    -0.61552513E+00    -0.60007244E+00    -0.58461422E+00    -0.56918317E+00    -0.55381024E+00    -0.53852469E+00    -0.52335411E+00    -0.50832409E+00    -0.49345866E+00    -0.47877985E+00    -0.46430799E+00    -0.45006159E+00    -0.43605739E+00    -0.42231035E+00    -0.40883383E+00    -0.39563939E+00    -0.38273713E+00    -0.37013546E+00    -0.35784137E+00    -0.34586045E+00    -0.33419687E+00    -0.32285354E+00    -0.31183219E+00    -0.30113339E+00    -0.29075670E+00    -0.28070068E+00    -0.27096298E+00    -0.26154053E+00    -0.25242943E+00    -0.24362516E+00    -0.23512265E+00    -0.22691624E+00    -0.21899991E+00    -0.21136719E+00    -0.20401134E+00    -0.19692533E+00    -0.19010192E+00    -0.18353374E+00    -0.17721328E+00    -0.17113295E+00    -0.16528517E+00    -0.15966232E+00    -0.15425684E+00    -0.14906122E+00    -0.14406800E+00    -0.13926992E+00    -0.13465975E+00    -0.13023047E+00    -0.12597516E+00    -0.12188713E+00    -0.11795978E+00
     0.11000000E+02    -0.10000000E+01    -0.85595393E+00    -0.84591419E+00    -0.83932579E+00    -0.83277524E+00    -0.82946944E+00    -0.83145583E+00    -0.83796197E+00    -0.84723932E+00    -0.85762995E+00    -0.86787969E+00    -0.87715912E+00    -0.88499391E+00    -0.89117283E+00    -0.89566022E+00    -0.89852381E+00    -0.89988166E+00    -0.89986724E+00    -0.89860845E+00    -0.89621776E+00    -0.89278907E+00    -0.88839817E+00    -0.88310558E+00    -0.87695968E+00    -0.87000060E+00    -0.86226243E+00    -0.85377634E+00    -0.84457195E+00    -0.83467901E+00    -0.82412821E+00    -0.81295174E+00    -0.80118358E+00    -0.78885955E+00    -0.77601737E+00    -0.76269621E+00    -0.74893659E+00    -0.73478007E+00    -0.72026879E+00    -0.70544529E+00    -0.69035226E+00    -0.67503190E+00    -0.65952611E+00    -0.64387584E+00    -0.62812108E+00    -0.61230075E+00    -0.59645224E+00    -0.58061147E+00    -0.56481278E+00    -0.54908878E+00    -0.53347015E+00    -0.51798576E+00    -0.50266254E+00    -0.48752540E+00    -0.47259727E+00    -0.45789912E+00    -0.44344988E+00    -0.42926657E+00    -0.41536418E+00    -0.40175590E+00    -0.38845307E+00    -0.37546521E+00    -0.36280024E+00    -0.35046431E+00    -0.33846214E+00    -0.32679695E+00    -0.31547064E+00    -0.30448377E+00    -0.29383576E+00    -0.28352496E+00    -0.27354869E+00    -0.26390341E+00    -0.25458479E+00    -0.24558771E+00    -0.23690650E+00    -0.22853492E+00    -0.22046623E+00    -0.21269332E+00    -0.20520875E+00    -0.19800481E+00    -0.19107361E+00    -0.18440707E+00    -0.17799704E+00    -0.17183533E+00    -0.16591373E+00    -0.16022404E+00    -0.15475816E+00    -0.14950801E+00    -0.14446573E+00    -0.13962351E+00    -0.13497373E+00    -0.13050893E+00    -0.12622184E+00    -0.12210540E+00    -0.11815272E+00
     0.12000000E+02    -0.10000000E+01    -0.86472374E+00    -0.85478944E+00    -0.84980059E+00    -0.84596044E+00    -0.84486288E+00    -0.84816372E+00    -0.85525179E+00    -0.86457193E+00    -0.87461555E+00    -0.88425034E+00    -0.89275283E+00    -0.89973944E+00    -0.90507179E+00    -0.90876704E+00    -0.91092724E+00    -0.91168857E+00    -0.91119027E+00    -0.90955764E+00    -0.90689522E+00    -0.90328586E+00    -0.89879292E+00    -0.89346427E+00    -0.88733596E+00    -0.88043600E+00    -0.87278759E+00    -0.86441141E+00    -0.85532784E+00    -0.84555799E+00    -0.83512497E+00    -0.82405418E+00    -0.81237388E+00    -0.80011505E+00    -0.78731143E+00    -0.77399921E+00    -0.76021671E+00    -0.74600410E+00    -0.73140293E+00    -0.71645594E+00    -0.70120627E+00    -0.68569756E+00    -0.66997325E+00    -0.65407652E+00    -0.63804972E+00    -0.62193429E+00    -0.60577059E+00    -0.58959740E+00    -0.57345200E+00    -0.55736989E+00    -0.54138476E+00    -0.52552825E+00    -0.50983000E+00    -0.49431738E+00    -0.47901577E+00    -0.46394825E+00    -0.44913575E+00    -0.43459696E+00    -0.42034847E+00    -0.40640476E+00    -0.39277831E+00    -0.37947953E+00    -0.36651698E+00    -0.35389745E+00    -0.34162596E+00    -0.32970592E+00    -0.31813931E+00    -0.30692661E+00    -0.29606703E+00    -0.28555867E+00    -0.27539849E+00    -0.26558250E+00    -0.25610584E+00    -0.24696293E+00    -0.23814747E+00    -0.22965261E+00    -0.22147103E+00    -0.21359500E+00    -0.20601645E+00    -0.19872707E+00    -0.19171834E+00    -0.18498164E+00    -0.17850827E+00    -0.17228946E+00    -0.16631651E+00    -0.16058072E+00    -0.15507354E+00    -0.14978649E+00    -0.14471126E+00    -0.13983968E+00    -0.13516378E+00    -0.13067582E+00    -0.12636819E+00    -0.12223358E+00    -0.11826485E+00
     0.13000000E+02    -0.10000000E+01    -0.87232578E+00    -0.86239547E+00    -0.85864723E+00    -0.85711622E+00    -0.85797757E+00    -0.86243236E+00    -0.86997789E+00    -0.87923920E+00    -0.88885939E+00    -0.89783216E+00    -0.90554100E+00    -0.91169006E+00    -0.91620749E+00    -0.91915607E+00    -0.92066461E+00    -0.92088115E+00    -0.91994619E+00    -0.91797948E+00    -0.91507614E+00    -0.91130775E+00    -0.90672600E+00    -0.90136701E+00    -0.89525604E+00    -0.88841075E+00    -0.88084471E+00    -0.87257004E+00    -0.86359882E+00    -0.85394502E+00    -0.84362501E+00    -0.83265853E+00    -0.82106858E+00    -0.80888188E+00    -0.79612857E+00    -0.78284192E+00    -0.76905823E+00    -0.75481629E+00    -0.74015689E+00    -0.72512257E+00    -0.70975709E+00    -0.69410491E+00    -0.67821091E+00    -0.66211998E+00    -0.64587659E+00    -0.62952441E+00    -0.61310625E+00    -0.59666348E+00    -0.58023596E+00    -0.56386191E+00    -0.54757744E+00    -0.53141677E+00    -0.51541191E+00    -0.49959251E+00    -0.48398599E+00    -0.46861732E+00    -0.45350915E+00    -0.43868169E+00    -0.42415288E+00    -0.40993831E+00    -0.39605132E+00    -0.38250312E+00    -0.36930287E+00    -0.35645765E+00    -0.34397280E+00    -0.33185184E+00    -0.32009667E+00    -0.30870771E+00    -0.29768392E+00    -0.28702310E+00    -0.27672181E+00    -0.26677561E+00    -0.25717923E+00    -0.24792649E+00    -0.23901063E+00    -0.23042424E+00    -0.22215942E+00    -0.21420790E+00    -0.20656109E+00    -0.19921011E+00    -0.19214596E+00    -0.18535949E+00    -0.17884155E+00    -0.17258289E+00    -0.16657442E+00    -0.16080703E+00    -0.15527178E+00    -0.14995988E+00    -0.14486265E+00    -0.13997167E+00    -0.13527870E+00    -0.13077570E+00    -0.12645490E+00    -0.12230874E+00    -0.11832991E+00
     0.14000000E+02    -0.10000000E+01    -0.87894005E+00    -0.86899585E+00    -0.86622727E+00    -0.86663270E+00    -0.86919659E+00    -0.87464446E+00    -0.88253647E+00    -0.89166117E+00    -0.90081078E+00    -0.90910494E+00    -0.91603184E+00    -0.92137814E+00    -0.92513156E+00    -0.92739290E+00    -0.92831087E+00    -0.92804021E+00    -0.92671901E+00    -0.92445946E+00    -0.92134649E+00    -0.91744065E+00    -0.91278267E+00    -0.90739858E+00    -0.90130383E+00    -0.89450747E+00    -0.88701504E+00    -0.87883115E+00    -0.86996126E+00    -0.86041307E+00    -0.85019743E+00    -0.83932889E+00    -0.82782620E+00    -0.81571215E+00    -0.80301368E+00    -0.78976148E+00    -0.77598989E+00    -0.76173621E+00    -0.74704063E+00    -0.73194534E+00    -0.71649438E+00    -0.70073301E+00    -0.68470716E+00    -0.66846317E+00    -0.65204728E+00    -0.63550514E+00    -0.61888164E+00    -0.60222036E+00    -0.58556360E+00    -0.56895167E+00    -0.55242318E+00    -0.53601438E+00    -0.51975936E+00    -0.50368983E+00    -0.48783493E+00    -0.47222137E+00    -0.45687324E+00    -0.44181207E+00    -0.42705688E+00    -0.41262421E+00    -0.39852819E+00    -0.38478062E+00    -0.37139103E+00    -0.35836688E+00    -0.34571362E+00    -0.33343482E+00    -0.32153231E+00    -0.31000629E+00    -0.29885554E+00    -0.28807747E+00    -0.27766833E+00    -0.26762328E+00    -0.25793651E+00    -0.24860147E+00    -0.23961085E+00    -0.23095678E+00    -0.22263087E+00    -0.21462436E+00    -0.20692818E+00    -0.19953300E+00    -0.19242939E+00    -0.18560781E+00    -0.17905863E+00    -0.17277233E+00    -0.16673940E+00    -0.16095047E+00    -0.15539625E+00    -0.15006770E+00    -0.14495589E+00    -0.14005217E+00    -0.13534808E+00    -0.13083541E+00    -0.12650619E+00    -0.12235275E+00    -0.11836762E+00
     0.15000000E+02    -0.10000000E+01    -0.88471341E+00    -0.87478322E+00    -0.87280428E+00    -0.87481099E+00    -0.87882888E+00    -0.88511628E+00    -0.89325851E+00    -0.90218920E+00    -0.91084385E+00    -0.91846490E+00    -0.92464077E+00    -0.92923427E+00    -0.93228513E+00    -0.93392509E+00    -0.93431687E+00    -0.93361741E+00    -0.93195981E+00    -0.92944729E+00    -0.92615449E+00    -0.92213148E+00    -0.91740912E+00    -0.91200423E+00    -0.90592426E+00    -0.89917076E+00    -0.89174259E+00    -0.88363832E+00    -0.87485766E+00    -0.86540329E+00    -0.85528123E+00    -0.84450185E+00    -0.83308005E+00    -0.82103533E+00    -0.80839169E+00    -0.79517758E+00    -0.78142548E+00    -0.76717150E+00    -0.75245488E+00    -0.73731756E+00    -0.72180378E+00    -0.70595926E+00    -0.68983084E+00    -0.67346615E+00    -0.65691280E+00    -0.64021820E+00    -0.62342906E+00    -0.60659087E+00    -0.58974791E+00    -0.57294250E+00    -0.55621523E+00    -0.53960425E+00    -0.52314556E+00    -0.50687242E+00    -0.49081570E+00    -0.47500345E+00    -0.45946103E+00    -0.44421110E+00    -0.42927358E+00    -0.41466582E+00    -0.40040255E+00    -0.38649604E+00    -0.37295619E+00    -0.35979059E+00    -0.34700486E+00    -0.33460245E+00    -0.32258514E+00    -0.31095293E+00    -0.29970434E+00    -0.28883648E+00    -0.27834523E+00    -0.26822534E+00    -0.25847065E+00    -0.24907413E+00    -0.24002807E+00    -0.23132415E+00    -0.22295357E+00    -0.21490715E+00    -0.20717542E+00    -0.19974868E+00    -0.19261712E+00    -0.18577082E+00    -0.17919992E+00    -0.17289451E+00    -0.16684484E+00    -0.16104127E+00    -0.15547432E+00    -0.15013467E+00    -0.14501326E+00    -0.14010121E+00    -0.13538992E+00    -0.13087107E+00    -0.12653653E+00    -0.12237852E+00    -0.11838948E+00
     0.16000000E+02    -0.10000000E+01    -0.88976783E+00    -0.87990159E+00    -0.87857306E+00    -0.88188666E+00    -0.88712662E+00    -0.89411163E+00    -0.90242213E+00    -0.91111833E+00    -0.91927081E+00    -0.92623973E+00    -0.93170780E+00    -0.93560678E+00    -0.93802118E+00    -0.93910712E+00    -0.93903613E+00    -0.93796396E+00    -0.93601686E+00    -0.93328846E+00    -0.92984319E+00    -0.92572141E+00    -0.92094511E+00    -0.91552329E+00    -0.90945637E+00    -0.90273982E+00    -0.89536697E+00    -0.88733125E+00    -0.87862790E+00    -0.86925524E+00    -0.85921550E+00    -0.84851533E+00    -0.83716643E+00    -0.82518542E+00    -0.81259388E+00    -0.79941821E+00    -0.78568918E+00    -0.77144170E+00    -0.75671428E+00    -0.74154860E+00    -0.72598875E+00    -0.71008092E+00    -0.69387275E+00    -0.67741275E+00    -0.66074985E+00    -0.64393288E+00    -0.62701005E+00    -0.61002862E+00    -0.59303451E+00    -0.57607186E+00    -0.55918288E+00    -0.54240751E+00    -0.52578318E+00    -0.50934470E+00    -0.49312425E+00    -0.47715110E+00    -0.46145171E+00    -0.44604966E+00    -0.43096566E+00    -0.41621768E+00    -0.40182093E+00    -0.38778809E+00    -0.37412924E+00    -0.36085218E+00    -0.34796247E+00    -0.33546361E+00    -0.32335714E+00    -0.31164292E+00    -0.30031916E+00    -0.28938273E+00    -0.27882913E+00    -0.26865283E+00    -0.25884721E+00    -0.24940495E+00    -0.24031791E+00    -0.23157743E+00    -0.22317432E+00    -0.21509907E+00    -0.20734183E+00    -0.19989264E+00    -0.19274133E+00    -0.18587777E+00    -0.17929177E+00    -0.17297323E+00    -0.16691217E+00    -0.16109872E+00    -0.15552324E+00    -0.15017624E+00    -0.14504851E+00    -0.14013107E+00    -0.13541517E+00    -0.13089237E+00    -0.12655449E+00    -0.12239363E+00    -0.11840219E+00
     0.17000000E+02    -0.10000000E+01    -0.89420587E+00    -0.88446093E+00    -0.88367909E+00    -0.88804591E+00    -0.89429742E+00    -0.90185207E+00    -0.91026223E+00    -0.91869688E+00    -0.92635274E+00    -0.93270087E+00    -0.93751138E+00    -0.94077772E+00    -0.94262230E+00    -0.94321954E+00    -0.94274580E+00    -0.94135302E+00    -0.93915921E+00    -0.93624830E+00    -0.93267500E+00    -0.92847073E+00    -0.92364973E+00    -0.91821414E+00    -0.91215861E+00    -0.90547347E+00    -0.89814758E+00    -0.89017022E+00    -0.88153297E+00    -0.87223053E+00    -0.86226189E+00    -0.85163087E+00    -0.84034634E+00    -0.82842249E+00    -0.81587875E+00    -0.80273968E+00    -0.78903472E+00    -0.77479762E+00    -0.76006615E+00    -0.74488163E+00    -0.72928810E+00    -0.71333212E+00    -0.69706178E+00    -0.68052649E+00    -0.66377622E+00    -0.64686096E+00    -0.62983036E+00    -0.61273301E+00    -0.59561634E+00    -0.57852602E+00    -0.56150568E+00    -0.54459667E+00    -0.52783781E+00    -0.51126522E+00    -0.49491221E+00    -0.47880903E+00    -0.46298307E+00    -0.44745868E+00    -0.43225724E+00    -0.41739720E+00    -0.40289420E+00    -0.38876113E+00    -0.37500834E+00    -0.36164364E+00    -0.34867260E+00    -0.33609858E+00    -0.32392305E+00    -0.31214565E+00    -0.30076435E+00    -0.28977570E+00    -0.27917495E+00    -0.26895618E+00    -0.25911260E+00    -0.24963638E+00    -0.24051917E+00    -0.23175193E+00    -0.22332521E+00    -0.21522918E+00    -0.20745374E+00    -0.19998863E+00    -0.19282347E+00    -0.18594787E+00    -0.17935145E+00    -0.17302391E+00    -0.16695511E+00    -0.16113503E+00    -0.15555388E+00    -0.15020205E+00    -0.14507021E+00    -0.14014927E+00    -0.13543043E+00    -0.13090514E+00    -0.12656516E+00    -0.12240255E+00    -0.11840963E+00
     0.18000000E+02    -0.10000000E+01    -0.89811397E+00    -0.88854671E+00    -0.88823307E+00    -0.89343774E+00    -0.90051371E+00    -0.90852433E+00    -0.91697741E+00    -0.92513430E+00    -0.93230790E+00    -0.93807292E+00    -0.94227946E+00    -0.94497538E+00    -0.94631451E+00    -0.94648463E+00    -0.94566333E+00    -0.94399697E+00    -0.94159466E+00    -0.93853074E+00    -0.93485081E+00    -0.93057823E+00    -0.92572033E+00    -0.92027366E+00    -0.91422790E+00    -0.90756923E+00    -0.90028280E+00    -0.89235467E+00    -0.88377315E+00    -0.87453038E+00    -0.86462253E+00    -0.85405099E+00    -0.84282237E+00    -0.83094871E+00    -0.81844777E+00    -0.80534250E+00    -0.79166096E+00    -0.77743602E+00    -0.76270473E+00    -0.74750811E+00    -0.73189002E+00    -0.71589732E+00    -0.69957852E+00    -0.68298370E+00    -0.66616362E+00    -0.64916945E+00    -0.63205183E+00    -0.61486071E+00    -0.59764469E+00    -0.58045071E+00    -0.56332374E+00    -0.54630631E+00    -0.52943838E+00    -0.51275718E+00    -0.49629697E+00    -0.48008889E+00    -0.46416104E+00    -0.44853848E+00    -0.43324304E+00    -0.41829365E+00    -0.40370622E+00    -0.38949388E+00    -0.37566704E+00    -0.36223358E+00    -0.34919903E+00    -0.33656669E+00    -0.32433781E+00    -0.31251183E+00    -0.30108657E+00    -0.29005828E+00    -0.27942196E+00    -0.26917139E+00    -0.25929946E+00    -0.24979816E+00    -0.24065879E+00    -0.23187208E+00    -0.22342828E+00    -0.21531734E+00    -0.20752895E+00    -0.20005259E+00    -0.19287772E+00    -0.18599378E+00    -0.17939019E+00    -0.17305654E+00    -0.16698252E+00    -0.16115801E+00    -0.15557310E+00    -0.15021810E+00    -0.14508359E+00    -0.14016043E+00    -0.13543971E+00    -0.13091286E+00    -0.12657158E+00    -0.12240788E+00    -0.11841407E+00
     0.19000000E+02    -0.10000000E+01    -0.90156561E+00    -0.89222670E+00    -0.89232016E+00    -0.89818233E+00    -0.90591908E+00    -0.91428638E+00    -0.92273599E+00    -0.93060720E+00    -0.93731916E+00    -0.94254214E+00    -0.94619888E+00    -0.94838470E+00    -0.94927883E+00    -0.94907832E+00    -0.94795930E+00    -0.94606113E+00    -0.94348377E+00    -0.94029248E+00    -0.93652427E+00    -0.93219548E+00    -0.92730749E+00    -0.92185193E+00    -0.91581452E+00    -0.90917796E+00    -0.90192443E+00    -0.89403731E+00    -0.88550252E+00    -0.87630981E+00    -0.86645335E+00    -0.85593241E+00    -0.84475172E+00    -0.83292156E+00    -0.82045823E+00    -0.80738318E+00    -0.79372352E+00    -0.77951121E+00    -0.76478267E+00    -0.74957848E+00    -0.73394263E+00    -0.71792185E+00    -0.70156515E+00    -0.68492317E+00    -0.66804737E+00    -0.65098977E+00    -0.63380194E+00    -0.61653495E+00    -0.59923840E+00    -0.58196038E+00    -0.56474692E+00    -0.54764158E+00    -0.53068531E+00    -0.51391625E+00    -0.49736947E+00    -0.48107687E+00    -0.46506715E+00    -0.44936588E+00    -0.43399540E+00    -0.41897488E+00    -0.40432048E+00    -0.39004552E+00    -0.37616047E+00    -0.36267322E+00    -0.34958920E+00    -0.33691162E+00    -0.32464162E+00    -0.31277847E+00    -0.30131969E+00    -0.29026139E+00    -0.27959827E+00    -0.26932395E+00    -0.25943100E+00    -0.24991120E+00    -0.24075562E+00    -0.23195474E+00    -0.22349864E+00    -0.21537705E+00    -0.20757945E+00    -0.20009521E+00    -0.19291358E+00    -0.18602385E+00    -0.17941536E+00    -0.17307757E+00    -0.16700004E+00    -0.16117258E+00    -0.15558520E+00    -0.15022814E+00    -0.14509192E+00    -0.14016731E+00    -0.13544542E+00    -0.13091758E+00    -0.12657550E+00    -0.12241115E+00    -0.11841679E+00
     0.20000000E+02    -0.10000000E+01    -0.90462321E+00    -0.89555550E+00    -0.89600736E+00    -0.90237749E+00    -0.91063392E+00    -0.91927195E+00    -0.92768079E+00    -0.93526471E+00    -0.94153947E+00    -0.94626278E+00    -0.94942260E+00    -0.95115525E+00    -0.95166022E+00    -0.95113999E+00    -0.94976735E+00    -0.94767398E+00    -0.94495064E+00    -0.94165391E+00    -0.93781316E+00    -0.93343842E+00    -0.92852598E+00    -0.92306340E+00    -0.91703302E+00    -0.91041476E+00    -0.90318841E+00    -0.89533526E+00    -0.88683933E+00    -0.87768841E+00    -0.86787492E+00    -0.85739660E+00    -0.84625649E+00    -0.83446360E+00    -0.82203269E+00    -0.80898428E+00    -0.79534441E+00    -0.78114426E+00    -0.76641983E+00    -0.75121129E+00    -0.73556244E+00    -0.71952021E+00    -0.70313382E+00    -0.68645442E+00    -0.66953403E+00    -0.65242541E+00    -0.63518095E+00    -0.61785251E+00    -0.60049075E+00    -0.58314461E+00    -0.56586105E+00    -0.54868448E+00    -0.53165674E+00    -0.51481670E+00    -0.49820012E+00    -0.48183948E+00    -0.46576408E+00    -0.44999987E+00    -0.43456951E+00    -0.41949245E+00    -0.40478510E+00    -0.39046076E+00    -0.37653002E+00    -0.36300072E+00    -0.34987828E+00    -0.33716574E+00    -0.32486412E+00    -0.31297252E+00    -0.30148828E+00    -0.29040727E+00    -0.27972406E+00    -0.26943204E+00    -0.25952351E+00    -0.24999012E+00    -0.24082270E+00    -0.23201159E+00    -0.22354665E+00    -0.21541746E+00    -0.20761338E+00    -0.20012359E+00    -0.19293728E+00    -0.18604359E+00    -0.17943177E+00    -0.17309116E+00    -0.16701129E+00    -0.16118188E+00    -0.15559289E+00    -0.15023449E+00    -0.14509715E+00    -0.14017165E+00    -0.13544899E+00    -0.13092056E+00    -0.12657797E+00    -0.12241322E+00    -0.11841853E+00
     0.21000000E+02    -0.10000000E+01    -0.90734017E+00    -0.89857781E+00    -0.89934802E+00    -0.90610355E+00    -0.91475958E+00    -0.92359471E+00    -0.93193305E+00    -0.93923283E+00    -0.94509691E+00    -0.94936270E+00    -0.95207614E+00    -0.95340836E+00    -0.95357466E+00    -0.95278007E+00    -0.95119262E+00    -0.94893563E+00    -0.94609118E+00    -0.94270754E+00    -0.93880749E+00    -0.93439543E+00    -0.92946327E+00    -0.92399520E+00    -0.91797066E+00    -0.91136754E+00    -0.90416360E+00    -0.89633840E+00    -0.88787442E+00    -0.87875807E+00    -0.86898035E+00    -0.85853750E+00    -0.84743154E+00    -0.83567011E+00    -0.82326692E+00    -0.81024152E+00    -0.79661918E+00    -0.78243035E+00    -0.76771057E+00    -0.75249964E+00    -0.73684138E+00    -0.72078264E+00    -0.70437294E+00    -0.68766373E+00    -0.67070764E+00    -0.65355796E+00    -0.63626772E+00    -0.61888963E+00    -0.60147500E+00    -0.58407372E+00    -0.56673330E+00    -0.54949909E+00    -0.53241360E+00    -0.51551622E+00    -0.49884340E+00    -0.48242813E+00    -0.46630010E+00    -0.45048559E+00    -0.43500754E+00    -0.41988567E+00    -0.40513641E+00    -0.39077324E+00    -0.37680671E+00    -0.36324465E+00    -0.35009238E+00    -0.33735287E+00    -0.32502699E+00    -0.31311366E+00    -0.30161011E+00    -0.29051206E+00    -0.27981380E+00    -0.26950857E+00    -0.25958857E+00    -0.25004521E+00    -0.24086921E+00    -0.23205069E+00    -0.22357942E+00    -0.21544485E+00    -0.20763619E+00    -0.20014256E+00    -0.19295299E+00    -0.18605658E+00    -0.17944250E+00    -0.17310001E+00    -0.16701858E+00    -0.16118789E+00    -0.15559784E+00    -0.15023856E+00    -0.14510052E+00    -0.14017443E+00    -0.13545132E+00    -0.13092250E+00    -0.12657960E+00    -0.12241459E+00    -0.11841970E+00
  # End of file
