! ------------------------------------------------------------------------------------
! Data provided by Veronica GUERRA, various indicators for the ADRIATIC Sea, January 2015  
!
! * * * * * * * * * * * * * * * * * * * * * * * * * * * * * * * * * * * * * * * * * * 
!
! Last revision by GS Jan 9, 2015
!
! * * * * * * * * * * * * * * * * * * * * * * * * * * * * * * * * * * * * * * * * * * 
! About the FORMAT: 
! Lines beginning with "!" are counted as headers. 
! The data format is FREE, and defined as follows. All lines are mandatory. 
! Record 1: A three digits integer (code)
! Record 2: Site name with comments 
! Record 3: a Reference or a comment 
! Record 4: Lon, Lat, number of RSL observations in this set  
! Record 5...: '1', counter, time AD/BC (yrs), time error(yrs), RSL (m), RSL error (m) 
! or, alternatively:  
! Record 5...: '2', counter, time  BP   (yrs), time error(yrs), RSL (m), RSL error (m)  
! ... another code ... 
! ------------------------------------------------------------------------------------- 
! 0123456789012345678901234567890123456789 <<< do not exceed 40 characters! 
!
101 -------------------------------------- 101
From Veronica Guerra - Site: 101 Pescara   
Runs for VG 2015  
14.214189 42.464278 24 
2  1      500.0   10.0    0.0    0.0
2  2     1000.0   10.0    0.0    0.0
2  3     1500.0   10.0    0.0    0.0
2  4     2000.0   10.0    0.0    0.0
2  5     2500.0   10.0    0.0    0.0
2  6     3000.0   10.0    0.0    0.0
2  7     3500.0   10.0    0.0    0.0
2  8     4000.0   10.0    0.0    0.0
2  9     4500.0   10.0    0.0    0.0
2  10    5000.0   10.0    0.0    0.0
2  11    5500.0   10.0    0.0    0.0
2  12    6000.0   10.0    0.0    0.0
2  13    6500.0   10.0    0.0    0.0
2  14    7000.0   10.0    0.0    0.0
2  15    7500.0   10.0    0.0    0.0
2  16    8000.0   10.0    0.0    0.0
2  17    8500.0   10.0    0.0    0.0
2  18    9000.0   10.0    0.0    0.0
2  19    9500.0   10.0    0.0    0.0
2  20   10000.0   10.0    0.0    0.0
2  21   10500.0   10.0    0.0    0.0
2  22   11000.0   10.0    0.0    0.0
2  23   11500.0   10.0    0.0    0.0
2  24   12000.0   10.0    0.0    0.0
102 -------------------------------------- 102
From Veronica Guerra - Site: 102 San Benedetto del Tronto   
Runs for VG 2015  
13.883331 42.943781 24 
2  1      500.0   10.0    0.0    0.0
2  2     1000.0   10.0    0.0    0.0
2  3     1500.0   10.0    0.0    0.0
2  4     2000.0   10.0    0.0    0.0
2  5     2500.0   10.0    0.0    0.0
2  6     3000.0   10.0    0.0    0.0
2  7     3500.0   10.0    0.0    0.0
2  8     4000.0   10.0    0.0    0.0
2  9     4500.0   10.0    0.0    0.0
2  10    5000.0   10.0    0.0    0.0
2  11    5500.0   10.0    0.0    0.0
2  12    6000.0   10.0    0.0    0.0
2  13    6500.0   10.0    0.0    0.0
2  14    7000.0   10.0    0.0    0.0
2  15    7500.0   10.0    0.0    0.0
2  16    8000.0   10.0    0.0    0.0
2  17    8500.0   10.0    0.0    0.0
2  18    9000.0   10.0    0.0    0.0
2  19    9500.0   10.0    0.0    0.0
2  20   10000.0   10.0    0.0    0.0
2  21   10500.0   10.0    0.0    0.0
2  22   11000.0   10.0    0.0    0.0
2  23   11500.0   10.0    0.0    0.0
2  24   12000.0   10.0    0.0    0.0
103 -------------------------------------- 103
From Veronica Guerra - Site: 103 Ancona  
Runs for VG 2015  
13.516667  43.616667 24 
2  1      500.0   10.0    0.0    0.0
2  2     1000.0   10.0    0.0    0.0
2  3     1500.0   10.0    0.0    0.0
2  4     2000.0   10.0    0.0    0.0
2  5     2500.0   10.0    0.0    0.0
2  6     3000.0   10.0    0.0    0.0
2  7     3500.0   10.0    0.0    0.0
2  8     4000.0   10.0    0.0    0.0
2  9     4500.0   10.0    0.0    0.0
2  10    5000.0   10.0    0.0    0.0
2  11    5500.0   10.0    0.0    0.0
2  12    6000.0   10.0    0.0    0.0
2  13    6500.0   10.0    0.0    0.0
2  14    7000.0   10.0    0.0    0.0
2  15    7500.0   10.0    0.0    0.0
2  16    8000.0   10.0    0.0    0.0
2  17    8500.0   10.0    0.0    0.0
2  18    9000.0   10.0    0.0    0.0
2  19    9500.0   10.0    0.0    0.0
2  20   10000.0   10.0    0.0    0.0
2  21   10500.0   10.0    0.0    0.0
2  22   11000.0   10.0    0.0    0.0
2  23   11500.0   10.0    0.0    0.0
2  24   12000.0   10.0    0.0    0.0
104 -------------------------------------- 104
From Veronica Guerra - Site: 104 Pesaro  
Runs for VG 2015  
12.9133  43.91015 24 
2  1      500.0   10.0    0.0    0.0
2  2     1000.0   10.0    0.0    0.0
2  3     1500.0   10.0    0.0    0.0
2  4     2000.0   10.0    0.0    0.0
2  5     2500.0   10.0    0.0    0.0
2  6     3000.0   10.0    0.0    0.0
2  7     3500.0   10.0    0.0    0.0
2  8     4000.0   10.0    0.0    0.0
2  9     4500.0   10.0    0.0    0.0
2  10    5000.0   10.0    0.0    0.0
2  11    5500.0   10.0    0.0    0.0
2  12    6000.0   10.0    0.0    0.0
2  13    6500.0   10.0    0.0    0.0
2  14    7000.0   10.0    0.0    0.0
2  15    7500.0   10.0    0.0    0.0
2  16    8000.0   10.0    0.0    0.0
2  17    8500.0   10.0    0.0    0.0
2  18    9000.0   10.0    0.0    0.0
2  19    9500.0   10.0    0.0    0.0
2  20   10000.0   10.0    0.0    0.0
2  21   10500.0   10.0    0.0    0.0
2  22   11000.0   10.0    0.0    0.0
2  23   11500.0   10.0    0.0    0.0
2  24   12000.0   10.0    0.0    0.0
105 -------------------------------------- 105
From Veronica Guerra - Site: 105 Rimini   
Runs for VG 2015  
12.566667 44.05  24 
2  1      500.0   10.0    0.0    0.0
2  2     1000.0   10.0    0.0    0.0
2  3     1500.0   10.0    0.0    0.0
2  4     2000.0   10.0    0.0    0.0
2  5     2500.0   10.0    0.0    0.0
2  6     3000.0   10.0    0.0    0.0
2  7     3500.0   10.0    0.0    0.0
2  8     4000.0   10.0    0.0    0.0
2  9     4500.0   10.0    0.0    0.0
2  10    5000.0   10.0    0.0    0.0
2  11    5500.0   10.0    0.0    0.0
2  12    6000.0   10.0    0.0    0.0
2  13    6500.0   10.0    0.0    0.0
2  14    7000.0   10.0    0.0    0.0
2  15    7500.0   10.0    0.0    0.0
2  16    8000.0   10.0    0.0    0.0
2  17    8500.0   10.0    0.0    0.0
2  18    9000.0   10.0    0.0    0.0
2  19    9500.0   10.0    0.0    0.0
2  20   10000.0   10.0    0.0    0.0
2  21   10500.0   10.0    0.0    0.0
2  22   11000.0   10.0    0.0    0.0
2  23   11500.0   10.0    0.0    0.0
2  24   12000.0   10.0    0.0    0.0
106 -------------------------------------- 106
From Veronica Guerra - Site: 106 Cesenatico   
Runs for VG 2015  
12.416667 44.2  24 
2  1      500.0   10.0    0.0    0.0
2  2     1000.0   10.0    0.0    0.0
2  3     1500.0   10.0    0.0    0.0
2  4     2000.0   10.0    0.0    0.0
2  5     2500.0   10.0    0.0    0.0
2  6     3000.0   10.0    0.0    0.0
2  7     3500.0   10.0    0.0    0.0
2  8     4000.0   10.0    0.0    0.0
2  9     4500.0   10.0    0.0    0.0
2  10    5000.0   10.0    0.0    0.0
2  11    5500.0   10.0    0.0    0.0
2  12    6000.0   10.0    0.0    0.0
2  13    6500.0   10.0    0.0    0.0
2  14    7000.0   10.0    0.0    0.0
2  15    7500.0   10.0    0.0    0.0
2  16    8000.0   10.0    0.0    0.0
2  17    8500.0   10.0    0.0    0.0
2  18    9000.0   10.0    0.0    0.0
2  19    9500.0   10.0    0.0    0.0
2  20   10000.0   10.0    0.0    0.0
2  21   10500.0   10.0    0.0    0.0
2  22   11000.0   10.0    0.0    0.0
2  23   11500.0   10.0    0.0    0.0
2  24   12000.0   10.0    0.0    0.0
107 -------------------------------------- 107
From Veronica Guerra - Site: 107 Marina di Ravenna   
Runs for VG 2015  
12.283333 44.483333 24 
2  1      500.0   10.0    0.0    0.0
2  2     1000.0   10.0    0.0    0.0
2  3     1500.0   10.0    0.0    0.0
2  4     2000.0   10.0    0.0    0.0
2  5     2500.0   10.0    0.0    0.0
2  6     3000.0   10.0    0.0    0.0
2  7     3500.0   10.0    0.0    0.0
2  8     4000.0   10.0    0.0    0.0
2  9     4500.0   10.0    0.0    0.0
2  10    5000.0   10.0    0.0    0.0
2  11    5500.0   10.0    0.0    0.0
2  12    6000.0   10.0    0.0    0.0
2  13    6500.0   10.0    0.0    0.0
2  14    7000.0   10.0    0.0    0.0
2  15    7500.0   10.0    0.0    0.0
2  16    8000.0   10.0    0.0    0.0
2  17    8500.0   10.0    0.0    0.0
2  18    9000.0   10.0    0.0    0.0
2  19    9500.0   10.0    0.0    0.0
2  20   10000.0   10.0    0.0    0.0
2  21   10500.0   10.0    0.0    0.0
2  22   11000.0   10.0    0.0    0.0
2  23   11500.0   10.0    0.0    0.0
2  24   12000.0   10.0    0.0    0.0
108 -------------------------------------- 108
From Veronica Guerra - Site: 108 Tolle   
Runs for VG 2015  
12.410979 44.9542317 24 
2  1      500.0   10.0    0.0    0.0
2  2     1000.0   10.0    0.0    0.0
2  3     1500.0   10.0    0.0    0.0
2  4     2000.0   10.0    0.0    0.0
2  5     2500.0   10.0    0.0    0.0
2  6     3000.0   10.0    0.0    0.0
2  7     3500.0   10.0    0.0    0.0
2  8     4000.0   10.0    0.0    0.0
2  9     4500.0   10.0    0.0    0.0
2  10    5000.0   10.0    0.0    0.0
2  11    5500.0   10.0    0.0    0.0
2  12    6000.0   10.0    0.0    0.0
2  13    6500.0   10.0    0.0    0.0
2  14    7000.0   10.0    0.0    0.0
2  15    7500.0   10.0    0.0    0.0
2  16    8000.0   10.0    0.0    0.0
2  17    8500.0   10.0    0.0    0.0
2  18    9000.0   10.0    0.0    0.0
2  19    9500.0   10.0    0.0    0.0
2  20   10000.0   10.0    0.0    0.0
2  21   10500.0   10.0    0.0    0.0
2  22   11000.0   10.0    0.0    0.0
2  23   11500.0   10.0    0.0    0.0
2  24   12000.0   10.0    0.0    0.0
109 -------------------------------------- 109
From Veronica Guerra - Site: 109 Chioggia   
Runs for VG 2015  
12.283333  45.216667 24 
2  1      500.0   10.0    0.0    0.0
2  2     1000.0   10.0    0.0    0.0
2  3     1500.0   10.0    0.0    0.0
2  4     2000.0   10.0    0.0    0.0
2  5     2500.0   10.0    0.0    0.0
2  6     3000.0   10.0    0.0    0.0
2  7     3500.0   10.0    0.0    0.0
2  8     4000.0   10.0    0.0    0.0
2  9     4500.0   10.0    0.0    0.0
2  10    5000.0   10.0    0.0    0.0
2  11    5500.0   10.0    0.0    0.0
2  12    6000.0   10.0    0.0    0.0
2  13    6500.0   10.0    0.0    0.0
2  14    7000.0   10.0    0.0    0.0
2  15    7500.0   10.0    0.0    0.0
2  16    8000.0   10.0    0.0    0.0
2  17    8500.0   10.0    0.0    0.0
2  18    9000.0   10.0    0.0    0.0
2  19    9500.0   10.0    0.0    0.0
2  20   10000.0   10.0    0.0    0.0
2  21   10500.0   10.0    0.0    0.0
2  22   11000.0   10.0    0.0    0.0
2  23   11500.0   10.0    0.0    0.0
2  24   12000.0   10.0    0.0    0.0
110 -------------------------------------- 110
From Veronica Guerra - Site: 110 Venezia    
Runs for VG 2015  
12.331944 45.439722 24 
2  1      500.0   10.0    0.0    0.0
2  2     1000.0   10.0    0.0    0.0
2  3     1500.0   10.0    0.0    0.0
2  4     2000.0   10.0    0.0    0.0
2  5     2500.0   10.0    0.0    0.0
2  6     3000.0   10.0    0.0    0.0
2  7     3500.0   10.0    0.0    0.0
2  8     4000.0   10.0    0.0    0.0
2  9     4500.0   10.0    0.0    0.0
2  10    5000.0   10.0    0.0    0.0
2  11    5500.0   10.0    0.0    0.0
2  12    6000.0   10.0    0.0    0.0
2  13    6500.0   10.0    0.0    0.0
2  14    7000.0   10.0    0.0    0.0
2  15    7500.0   10.0    0.0    0.0
2  16    8000.0   10.0    0.0    0.0
2  17    8500.0   10.0    0.0    0.0
2  18    9000.0   10.0    0.0    0.0
2  19    9500.0   10.0    0.0    0.0
2  20   10000.0   10.0    0.0    0.0
2  21   10500.0   10.0    0.0    0.0
2  22   11000.0   10.0    0.0    0.0
2  23   11500.0   10.0    0.0    0.0
2  24   12000.0   10.0    0.0    0.0
111 -------------------------------------- 111
From Veronica Guerra - Site: 111 Lignano Sabbiadoro    
Runs for VG 2015  
13.093056 45.655 24 
2  1      500.0   10.0    0.0    0.0
2  2     1000.0   10.0    0.0    0.0
2  3     1500.0   10.0    0.0    0.0
2  4     2000.0   10.0    0.0    0.0
2  5     2500.0   10.0    0.0    0.0
2  6     3000.0   10.0    0.0    0.0
2  7     3500.0   10.0    0.0    0.0
2  8     4000.0   10.0    0.0    0.0
2  9     4500.0   10.0    0.0    0.0
2  10    5000.0   10.0    0.0    0.0
2  11    5500.0   10.0    0.0    0.0
2  12    6000.0   10.0    0.0    0.0
2  13    6500.0   10.0    0.0    0.0
2  14    7000.0   10.0    0.0    0.0
2  15    7500.0   10.0    0.0    0.0
2  16    8000.0   10.0    0.0    0.0
2  17    8500.0   10.0    0.0    0.0
2  18    9000.0   10.0    0.0    0.0
2  19    9500.0   10.0    0.0    0.0
2  20   10000.0   10.0    0.0    0.0
2  21   10500.0   10.0    0.0    0.0
2  22   11000.0   10.0    0.0    0.0
2  23   11500.0   10.0    0.0    0.0
2  24   12000.0   10.0    0.0    0.0
112 -------------------------------------- 112
From Veronica Guerra - Site: 112 Trieste    
Runs for VG 2015  
13.804167  45.636111 24 
2  1      500.0   10.0    0.0    0.0
2  2     1000.0   10.0    0.0    0.0
2  3     1500.0   10.0    0.0    0.0
2  4     2000.0   10.0    0.0    0.0
2  5     2500.0   10.0    0.0    0.0
2  6     3000.0   10.0    0.0    0.0
2  7     3500.0   10.0    0.0    0.0
2  8     4000.0   10.0    0.0    0.0
2  9     4500.0   10.0    0.0    0.0
2  10    5000.0   10.0    0.0    0.0
2  11    5500.0   10.0    0.0    0.0
2  12    6000.0   10.0    0.0    0.0
2  13    6500.0   10.0    0.0    0.0
2  14    7000.0   10.0    0.0    0.0
2  15    7500.0   10.0    0.0    0.0
2  16    8000.0   10.0    0.0    0.0
2  17    8500.0   10.0    0.0    0.0
2  18    9000.0   10.0    0.0    0.0
2  19    9500.0   10.0    0.0    0.0
2  20   10000.0   10.0    0.0    0.0
2  21   10500.0   10.0    0.0    0.0
2  22   11000.0   10.0    0.0    0.0
2  23   11500.0   10.0    0.0    0.0
2  24   12000.0   10.0    0.0    0.0
113 -------------------------------------- 113
From Veronica Guerra - Site: 113 Rovigno    
Runs for VG 2015  
13.616667 45.066667 24 
2  1      500.0   10.0    0.0    0.0
2  2     1000.0   10.0    0.0    0.0
2  3     1500.0   10.0    0.0    0.0
2  4     2000.0   10.0    0.0    0.0
2  5     2500.0   10.0    0.0    0.0
2  6     3000.0   10.0    0.0    0.0
2  7     3500.0   10.0    0.0    0.0
2  8     4000.0   10.0    0.0    0.0
2  9     4500.0   10.0    0.0    0.0
2  10    5000.0   10.0    0.0    0.0
2  11    5500.0   10.0    0.0    0.0
2  12    6000.0   10.0    0.0    0.0
2  13    6500.0   10.0    0.0    0.0
2  14    7000.0   10.0    0.0    0.0
2  15    7500.0   10.0    0.0    0.0
2  16    8000.0   10.0    0.0    0.0
2  17    8500.0   10.0    0.0    0.0
2  18    9000.0   10.0    0.0    0.0
2  19    9500.0   10.0    0.0    0.0
2  20   10000.0   10.0    0.0    0.0
2  21   10500.0   10.0    0.0    0.0
2  22   11000.0   10.0    0.0    0.0
2  23   11500.0   10.0    0.0    0.0
2  24   12000.0   10.0    0.0    0.0
114 -------------------------------------- 114
From Veronica Guerra - Site: 114 Pola     
Runs for VG 2015  
13.85  44.866667  24 
2  1      500.0   10.0    0.0    0.0
2  2     1000.0   10.0    0.0    0.0
2  3     1500.0   10.0    0.0    0.0
2  4     2000.0   10.0    0.0    0.0
2  5     2500.0   10.0    0.0    0.0
2  6     3000.0   10.0    0.0    0.0
2  7     3500.0   10.0    0.0    0.0
2  8     4000.0   10.0    0.0    0.0
2  9     4500.0   10.0    0.0    0.0
2  10    5000.0   10.0    0.0    0.0
2  11    5500.0   10.0    0.0    0.0
2  12    6000.0   10.0    0.0    0.0
2  13    6500.0   10.0    0.0    0.0
2  14    7000.0   10.0    0.0    0.0
2  15    7500.0   10.0    0.0    0.0
2  16    8000.0   10.0    0.0    0.0
2  17    8500.0   10.0    0.0    0.0
2  18    9000.0   10.0    0.0    0.0
2  19    9500.0   10.0    0.0    0.0
2  20   10000.0   10.0    0.0    0.0
2  21   10500.0   10.0    0.0    0.0
2  22   11000.0   10.0    0.0    0.0
2  23   11500.0   10.0    0.0    0.0
2  24   12000.0   10.0    0.0    0.0
115 -------------------------------------- 115
From Veronica Guerra - Site: 115 Cirquenizza    
Runs for VG 2015  
14.683333 45.166667  24 
2  1      500.0   10.0    0.0    0.0
2  2     1000.0   10.0    0.0    0.0
2  3     1500.0   10.0    0.0    0.0
2  4     2000.0   10.0    0.0    0.0
2  5     2500.0   10.0    0.0    0.0
2  6     3000.0   10.0    0.0    0.0
2  7     3500.0   10.0    0.0    0.0
2  8     4000.0   10.0    0.0    0.0
2  9     4500.0   10.0    0.0    0.0
2  10    5000.0   10.0    0.0    0.0
2  11    5500.0   10.0    0.0    0.0
2  12    6000.0   10.0    0.0    0.0
2  13    6500.0   10.0    0.0    0.0
2  14    7000.0   10.0    0.0    0.0
2  15    7500.0   10.0    0.0    0.0
2  16    8000.0   10.0    0.0    0.0
2  17    8500.0   10.0    0.0    0.0
2  18    9000.0   10.0    0.0    0.0
2  19    9500.0   10.0    0.0    0.0
2  20   10000.0   10.0    0.0    0.0
2  21   10500.0   10.0    0.0    0.0
2  22   11000.0   10.0    0.0    0.0
2  23   11500.0   10.0    0.0    0.0
2  24   12000.0   10.0    0.0    0.0
116 -------------------------------------- 116
From Veronica Guerra - Site: 116 Zara    
Runs for VG 2015  
15.216667 44.1  24 
2  1      500.0   10.0    0.0    0.0
2  2     1000.0   10.0    0.0    0.0
2  3     1500.0   10.0    0.0    0.0
2  4     2000.0   10.0    0.0    0.0
2  5     2500.0   10.0    0.0    0.0
2  6     3000.0   10.0    0.0    0.0
2  7     3500.0   10.0    0.0    0.0
2  8     4000.0   10.0    0.0    0.0
2  9     4500.0   10.0    0.0    0.0
2  10    5000.0   10.0    0.0    0.0
2  11    5500.0   10.0    0.0    0.0
2  12    6000.0   10.0    0.0    0.0
2  13    6500.0   10.0    0.0    0.0
2  14    7000.0   10.0    0.0    0.0
2  15    7500.0   10.0    0.0    0.0
2  16    8000.0   10.0    0.0    0.0
2  17    8500.0   10.0    0.0    0.0
2  18    9000.0   10.0    0.0    0.0
2  19    9500.0   10.0    0.0    0.0
2  20   10000.0   10.0    0.0    0.0
2  21   10500.0   10.0    0.0    0.0
2  22   11000.0   10.0    0.0    0.0
2  23   11500.0   10.0    0.0    0.0
2  24   12000.0   10.0    0.0    0.0
117 -------------------------------------- 117
From Veronica Guerra - Site: 117 Sebenico    
Runs for VG 2015  
15.883333 43.733333  24 
2  1      500.0   10.0    0.0    0.0
2  2     1000.0   10.0    0.0    0.0
2  3     1500.0   10.0    0.0    0.0
2  4     2000.0   10.0    0.0    0.0
2  5     2500.0   10.0    0.0    0.0
2  6     3000.0   10.0    0.0    0.0
2  7     3500.0   10.0    0.0    0.0
2  8     4000.0   10.0    0.0    0.0
2  9     4500.0   10.0    0.0    0.0
2  10    5000.0   10.0    0.0    0.0
2  11    5500.0   10.0    0.0    0.0
2  12    6000.0   10.0    0.0    0.0
2  13    6500.0   10.0    0.0    0.0
2  14    7000.0   10.0    0.0    0.0
2  15    7500.0   10.0    0.0    0.0
2  16    8000.0   10.0    0.0    0.0
2  17    8500.0   10.0    0.0    0.0
2  18    9000.0   10.0    0.0    0.0
2  19    9500.0   10.0    0.0    0.0
2  20   10000.0   10.0    0.0    0.0
2  21   10500.0   10.0    0.0    0.0
2  22   11000.0   10.0    0.0    0.0
2  23   11500.0   10.0    0.0    0.0
2  24   12000.0   10.0    0.0    0.0
118 -------------------------------------- 118
From Veronica Guerra - Site: 118 Spalato    
Runs for VG 2015  
16.433333 43.5 24 
2  1      500.0   10.0    0.0    0.0
2  2     1000.0   10.0    0.0    0.0
2  3     1500.0   10.0    0.0    0.0
2  4     2000.0   10.0    0.0    0.0
2  5     2500.0   10.0    0.0    0.0
2  6     3000.0   10.0    0.0    0.0
2  7     3500.0   10.0    0.0    0.0
2  8     4000.0   10.0    0.0    0.0
2  9     4500.0   10.0    0.0    0.0
2  10    5000.0   10.0    0.0    0.0
2  11    5500.0   10.0    0.0    0.0
2  12    6000.0   10.0    0.0    0.0
2  13    6500.0   10.0    0.0    0.0
2  14    7000.0   10.0    0.0    0.0
2  15    7500.0   10.0    0.0    0.0
2  16    8000.0   10.0    0.0    0.0
2  17    8500.0   10.0    0.0    0.0
2  18    9000.0   10.0    0.0    0.0
2  19    9500.0   10.0    0.0    0.0
2  20   10000.0   10.0    0.0    0.0
2  21   10500.0   10.0    0.0    0.0
2  22   11000.0   10.0    0.0    0.0
2  23   11500.0   10.0    0.0    0.0
2  24   12000.0   10.0    0.0    0.0
119 -------------------------------------- 119
From Veronica Guerra - Site: 119 Ragusa (Dubrovnik)    
Runs for VG 2015  
18.11  42.641111  24 
2  1      500.0   10.0    0.0    0.0
2  2     1000.0   10.0    0.0    0.0
2  3     1500.0   10.0    0.0    0.0
2  4     2000.0   10.0    0.0    0.0
2  5     2500.0   10.0    0.0    0.0
2  6     3000.0   10.0    0.0    0.0
2  7     3500.0   10.0    0.0    0.0
2  8     4000.0   10.0    0.0    0.0
2  9     4500.0   10.0    0.0    0.0
2  10    5000.0   10.0    0.0    0.0
2  11    5500.0   10.0    0.0    0.0
2  12    6000.0   10.0    0.0    0.0
2  13    6500.0   10.0    0.0    0.0
2  14    7000.0   10.0    0.0    0.0
2  15    7500.0   10.0    0.0    0.0
2  16    8000.0   10.0    0.0    0.0
2  17    8500.0   10.0    0.0    0.0
2  18    9000.0   10.0    0.0    0.0
2  19    9500.0   10.0    0.0    0.0
2  20   10000.0   10.0    0.0    0.0
2  21   10500.0   10.0    0.0    0.0
2  22   11000.0   10.0    0.0    0.0
2  23   11500.0   10.0    0.0    0.0
2  24   12000.0   10.0    0.0    0.0
120 -------------------------------------- 120
From Veronica Guerra - Site: 120 Piombino   
Runs for VG 2015  
10.533333 42.916667  24 
2  1      500.0   10.0    0.0    0.0
2  2     1000.0   10.0    0.0    0.0
2  3     1500.0   10.0    0.0    0.0
2  4     2000.0   10.0    0.0    0.0
2  5     2500.0   10.0    0.0    0.0
2  6     3000.0   10.0    0.0    0.0
2  7     3500.0   10.0    0.0    0.0
2  8     4000.0   10.0    0.0    0.0
2  9     4500.0   10.0    0.0    0.0
2  10    5000.0   10.0    0.0    0.0
2  11    5500.0   10.0    0.0    0.0
2  12    6000.0   10.0    0.0    0.0
2  13    6500.0   10.0    0.0    0.0
2  14    7000.0   10.0    0.0    0.0
2  15    7500.0   10.0    0.0    0.0
2  16    8000.0   10.0    0.0    0.0
2  17    8500.0   10.0    0.0    0.0
2  18    9000.0   10.0    0.0    0.0
2  19    9500.0   10.0    0.0    0.0
2  20   10000.0   10.0    0.0    0.0
2  21   10500.0   10.0    0.0    0.0
2  22   11000.0   10.0    0.0    0.0
2  23   11500.0   10.0    0.0    0.0
2  24   12000.0   10.0    0.0    0.0
121 -------------------------------------- 121
From Veronica Guerra - Site: 121 La Spezia   
Runs for VG 2015  
9.828881 44.108044  24 
2  1      500.0   10.0    0.0    0.0
2  2     1000.0   10.0    0.0    0.0
2  3     1500.0   10.0    0.0    0.0
2  4     2000.0   10.0    0.0    0.0
2  5     2500.0   10.0    0.0    0.0
2  6     3000.0   10.0    0.0    0.0
2  7     3500.0   10.0    0.0    0.0
2  8     4000.0   10.0    0.0    0.0
2  9     4500.0   10.0    0.0    0.0
2  10    5000.0   10.0    0.0    0.0
2  11    5500.0   10.0    0.0    0.0
2  12    6000.0   10.0    0.0    0.0
2  13    6500.0   10.0    0.0    0.0
2  14    7000.0   10.0    0.0    0.0
2  15    7500.0   10.0    0.0    0.0
2  16    8000.0   10.0    0.0    0.0
2  17    8500.0   10.0    0.0    0.0
2  18    9000.0   10.0    0.0    0.0
2  19    9500.0   10.0    0.0    0.0
2  20   10000.0   10.0    0.0    0.0
2  21   10500.0   10.0    0.0    0.0
2  22   11000.0   10.0    0.0    0.0
2  23   11500.0   10.0    0.0    0.0
2  24   12000.0   10.0    0.0    0.0
122 -------------------------------------- 122
From Veronica Guerra - Site: 122 Genova   
Runs for VG 2015  
8.932661 44.411156  24 
2  1      500.0   10.0    0.0    0.0
2  2     1000.0   10.0    0.0    0.0
2  3     1500.0   10.0    0.0    0.0
2  4     2000.0   10.0    0.0    0.0
2  5     2500.0   10.0    0.0    0.0
2  6     3000.0   10.0    0.0    0.0
2  7     3500.0   10.0    0.0    0.0
2  8     4000.0   10.0    0.0    0.0
2  9     4500.0   10.0    0.0    0.0
2  10    5000.0   10.0    0.0    0.0
2  11    5500.0   10.0    0.0    0.0
2  12    6000.0   10.0    0.0    0.0
2  13    6500.0   10.0    0.0    0.0
2  14    7000.0   10.0    0.0    0.0
2  15    7500.0   10.0    0.0    0.0
2  16    8000.0   10.0    0.0    0.0
2  17    8500.0   10.0    0.0    0.0
2  18    9000.0   10.0    0.0    0.0
2  19    9500.0   10.0    0.0    0.0
2  20   10000.0   10.0    0.0    0.0
2  21   10500.0   10.0    0.0    0.0
2  22   11000.0   10.0    0.0    0.0
2  23   11500.0   10.0    0.0    0.0
2  24   12000.0   10.0    0.0    0.0
123 -------------------------------------- 123
From Veronica Guerra - Site: 123 Livorno    
Runs for VG 2015  
10.316667 43.55  24 
2  1      500.0   10.0    0.0    0.0
2  2     1000.0   10.0    0.0    0.0
2  3     1500.0   10.0    0.0    0.0
2  4     2000.0   10.0    0.0    0.0
2  5     2500.0   10.0    0.0    0.0
2  6     3000.0   10.0    0.0    0.0
2  7     3500.0   10.0    0.0    0.0
2  8     4000.0   10.0    0.0    0.0
2  9     4500.0   10.0    0.0    0.0
2  10    5000.0   10.0    0.0    0.0
2  11    5500.0   10.0    0.0    0.0
2  12    6000.0   10.0    0.0    0.0
2  13    6500.0   10.0    0.0    0.0
2  14    7000.0   10.0    0.0    0.0
2  15    7500.0   10.0    0.0    0.0
2  16    8000.0   10.0    0.0    0.0
2  17    8500.0   10.0    0.0    0.0
2  18    9000.0   10.0    0.0    0.0
2  19    9500.0   10.0    0.0    0.0
2  20   10000.0   10.0    0.0    0.0
2  21   10500.0   10.0    0.0    0.0
2  22   11000.0   10.0    0.0    0.0
2  23   11500.0   10.0    0.0    0.0
2  24   12000.0   10.0    0.0    0.0
124 -------------------------------------- 124
From Veronica Guerra - Site: 124 Roma    
Runs for VG 2015  
12.482778 41.893056  24 
2  1      500.0   10.0    0.0    0.0
2  2     1000.0   10.0    0.0    0.0
2  3     1500.0   10.0    0.0    0.0
2  4     2000.0   10.0    0.0    0.0
2  5     2500.0   10.0    0.0    0.0
2  6     3000.0   10.0    0.0    0.0
2  7     3500.0   10.0    0.0    0.0
2  8     4000.0   10.0    0.0    0.0
2  9     4500.0   10.0    0.0    0.0
2  10    5000.0   10.0    0.0    0.0
2  11    5500.0   10.0    0.0    0.0
2  12    6000.0   10.0    0.0    0.0
2  13    6500.0   10.0    0.0    0.0
2  14    7000.0   10.0    0.0    0.0
2  15    7500.0   10.0    0.0    0.0
2  16    8000.0   10.0    0.0    0.0
2  17    8500.0   10.0    0.0    0.0
2  18    9000.0   10.0    0.0    0.0
2  19    9500.0   10.0    0.0    0.0
2  20   10000.0   10.0    0.0    0.0
2  21   10500.0   10.0    0.0    0.0
2  22   11000.0   10.0    0.0    0.0
2  23   11500.0   10.0    0.0    0.0
2  24   12000.0   10.0    0.0    0.0
