 101  57.0  -77.0 10 RICHMOND GULF QUE.
  700.0  200.0   10.0    1.4
 1400.0  200.0   20.0    3.0
 1700.0  200.0   27.0    4.0
 2400.0  200.0   33.0    4.9
 3400.0  200.0   60.0    8.9
 4100.0  200.0   80.0   11.9
 5400.0  200.0  125.0   18.7
 6400.0  200.0  145.0   21.7
 7200.0  200.0  197.0   29.5
 8300.0  300.0  256.0   38.4
 102  53.0  -79.0  7 JAMES BAY QUE.                
 1000.0  200.0   15.0    2.2
 2000.0  200.0   30.0    4.5
 3000.0  200.0   50.0    7.4
 4000.0  200.0   80.0   11.9
 5000.0  200.0  105.0   15.7
 6000.0  200.0  155.0   23.2
 7000.0  200.0  250.0   37.5
 103  55.0  -82.5  7 C. HENRIETTA MARIA ONT.       
 1000.0  200.0   16.0    3.0
 2000.0  200.0   34.0    5.0
 3000.0  200.0   51.0    7.6
 4000.0  200.0   69.0   10.3
 5000.0  200.0   90.0   13.4
 6000.0  200.0  115.0   17.2
 7000.0  200.0  138.0   20.6
 104  58.0  -94.0  7 CHURCHILL MAN.                
 1000.0  200.0    8.0    3.0
 2000.0  200.0   21.0    3.1
 3000.0  200.0   36.0    5.3
 4000.0  200.0   54.0    8.0
 5000.0  200.0   74.0   11.0
 6000.0  200.0  100.0   14.9
 7000.0  200.0  133.0   19.9
 105  64.5  -95.0  4 KEEWATIN NWT.                 
 4000.0  200.0   60.0    8.9
 5000.0  200.0   77.0   11.5
 6000.0  200.0  103.0   15.4
 7000.0  200.0  140.0   20.9
 106  59.8  -80.3 10 OTTAWA IS. NWT.               
 1000.0  200.0    2.0    2.0
 1200.0  200.0    2.0    1.0
 2000.0  200.0    7.0    2.0
 3000.0  200.0   16.0    3.0
 3500.0  200.0   10.0    1.4
 4000.0  200.0   29.0    4.3
 5000.0  200.0   47.0    7.0
 6000.0  200.0   76.0   11.3
 6600.0  200.0   94.0   14.0
 7000.0  200.0  124.0   20.0
 107  64.5  -84.0  7 SOUTHAMPTON IS. NWT.          
 1000.0  200.0    5.0    2.0
 2000.0  200.0   10.0    3.0
 3000.0  200.0   21.0    5.0
 4000.0  200.0   38.0    6.0
 5000.0  200.0   63.0    9.4
 6000.0  200.0   97.0   14.5
 7000.0  200.0  130.0   19.4
 108  62.0  -75.0  7 UNGAVA PEN. QUE.              
 1000.0  200.0    1.0    1.0
 2000.0  200.0    3.0    1.0
 3000.0  200.0    6.0    2.0
 4000.0  200.0   13.0    3.0
 5000.0  200.0   29.0    4.3
 6000.0  200.0   51.0    7.6
 7000.0  200.0  110.0   16.4
 109  53.0  -60.0  7 GOOSE BAY LAB.                
 1600.0  200.0    9.0    1.3
 2000.0  200.0   10.0    1.4
 2100.0  200.0   11.0    1.6
 3100.0  200.0   24.0    3.6
 4800.0  200.0   30.0    4.5
 5300.0  200.0   33.0    4.9
 6000.0  200.0  110.0   16.4
 110  54.2  -58.0  7 HAMILTON INLET LAB.           
 2300.0  200.0    4.0    1.0
 2500.0  200.0    5.0    1.0
 3800.0  200.0    7.0    1.0
 4500.0  200.0    8.0    1.1
 5100.0  200.0   15.0    2.2
 5400.0  200.0   12.0    1.8
 8600.0  300.0   50.0    7.4
 111  63.0  -70.0  4 C. TANFIELD BAF.              
 1000.0  200.0    1.0    1.0
 2000.0  200.0    2.0    1.0
 4000.0  200.0    6.0    3.0
 8000.0  300.0   80.0   20.0
 112  62.3  -66.3  6 JACKMAN SOUND BAF.            
 8000.0  300.0    9.5    1.4
 8200.0  300.0   29.0    4.3
 8300.0  300.0   20.0    3.0
 8500.0  300.0   46.0    6.8
 8600.0  300.0   38.0    5.6
 8900.0  500.0   69.0   10.3
 113  62.8  -65.5  8 WARWICK SOUND BAF.            
 1400.0  300.0   -5.0    1.0
 8800.0  300.0   29.0    4.3
 8900.0  300.0   17.0    2.5
 9100.0  300.0   26.0    3.9
 9200.0  300.0   15.0    2.2
 9500.0  300.0   42.0    6.2
10100.0  400.0   73.0   10.9
10800.0  400.0   79.0   11.8
 114  63.7  -68.6  6 BURTON BAY BAF.               
 4100.0  200.0   15.0    2.2
 6100.0  200.0   15.0    2.2
 6800.0  200.0   27.0    4.0
 7100.0  200.0   26.0    3.9
 7500.0  300.0   43.0    6.4
 8200.0  300.0   95.0   14.2
 115  67.4  -65.0  3 MAKTAK FIORD BAF.             
  900.0  200.0    5.0    1.0
 5300.0  900.0   18.0    2.7
 6300.0  200.0   19.0    2.8
 116  67.5  -64.0  2 BROUGHTON IS. BAF.            
 5300.0  500.0   27.0    4.0
 9900.0  300.0    3.0    1.0
 117  67.7  -65.4  5 NARPAING FIORD BAF.           
  600.0  200.0    1.0    1.0
 3500.0  200.0    4.0    1.0
 4900.0  200.0   11.0    1.6
 6800.0  200.0   18.0    2.7
 8000.0  300.0   47.0    7.0
 118  68.0  -66.0  2 OKOA FIORD BAF.               
 4800.0  200.0    9.0    1.3
 8400.0  300.0   49.0    7.3
 119  67.5  -66.0  2 NEOLUKSEAK FIORD BAF.         
 4800.0  200.0    8.0    3.0
 7900.0  300.0   40.0    5.9
 120  69.0  -68.7  4 HOME BAY BAF.                 
 3600.0  200.0    5.0    2.0
 6100.0  200.0   24.0    4.0
 8300.0  300.0   75.0   11.2
 8400.0  300.0   75.0   11.2
 121  70.0  -68.0  4 INUGSUIN FIORD BAF.           
 6000.0  200.0    8.0    4.0
 7000.0  200.0   13.0    4.0
 8000.0  300.0   21.0    4.0
 9000.0  300.0   28.0    4.2
 122  70.0  -71.5  6 SAM FORD FIORD BAF.           
 3000.0  200.0    7.0    2.0
 4000.0  200.0   12.0    2.0
 5000.0  200.0   19.0    3.0
 6000.0  200.0   28.0    4.2
 7000.0  200.0   41.0    6.1
 8000.0  300.0   60.0    8.9
 123  71.4  -74.6  3 CAMBRIDGE FIORD BAF.          
 7300.0  200.0   21.0    3.1
 7800.0  300.0   73.0   10.9
 8100.0  300.0   26.0    3.9
 124  72.3  -79.0  7 TAY SOUND BAF.                
 2000.0  200.0    3.0    3.0
 3000.0  200.0    6.0    4.0
 4000.0  200.0   15.0    6.0
 5000.0  200.0   30.0    9.0
 6000.0  200.0   45.0   12.0
 7000.0  200.0   63.0   12.0
 8000.0  300.0   87.0   15.0
 125  72.0  -80.0  6 MILNE INLET BAF.              
 3000.0  200.0   14.0    5.0
 4000.0  200.0   23.0    7.0
 5000.0  200.0   36.0    7.0
 6000.0  200.0   52.0    7.7
 7000.0  200.0   66.0    9.8
 8000.0  300.0   83.0   12.4
 126  69.0  -74.0  6 BAIRD PEN. BAF.               
 2000.0  200.0    8.0    2.0
 3000.0  200.0   16.0    2.4
 4000.0  200.0   27.0    4.0
 5000.0  200.0   44.0    6.5
 6000.0  200.0   69.0   10.3
 7000.0  200.0  109.0   16.3
 127  69.0  -75.5  6 IPIK BAY BAF.                 
 1000.0  200.0    3.0    2.0
 2000.0  200.0    8.0    2.0
 3000.0  200.0   14.0    4.0
 4000.0  200.0   23.0    5.0
 5000.0  200.0   43.0   10.0
 6000.0  200.0   73.0   11.0
 128  70.9  -86.7  3 AGU BAY BAF.                  
 7200.0  200.0   90.0   13.4
 7700.0  300.0   98.0   14.6
 8800.0  300.0  121.0   18.1
 129  71.0  -85.0  4 BRODEUR PEN. BAF.             
  900.0  200.0    3.0    1.0
 7000.0  200.0   93.0   13.9
 7600.0  300.0   90.0   13.4
 8700.0  300.0  122.0   18.2
 130  69.5  -82.0  5 N. MELVILLE PEN.              
  600.0  200.0    4.0    1.0
 1100.0  200.0    7.0    1.0
 2900.0  200.0   20.0    3.0
 4000.0  200.0   24.0    3.6
 8000.0  300.0  168.0   25.1
 131  69.0  -82.0  7 IGLOOLIK IS. NWT.             
 1000.0  200.0    6.0    2.0
 2000.0  200.0   14.0    3.0
 3000.0  200.0   24.0    5.0
 4000.0  200.0   36.0    6.0
 5000.0  200.0   53.0   13.0
 6000.0  200.0   80.0   20.0
 7000.0  200.0  135.0   20.2
 132  69.0  -92.0  5 BOOTHIA PEN. NWT.             
 4000.0  200.0   22.0    3.3
 5000.0  200.0   29.0    4.3
 6000.0  200.0   40.0    5.9
 7000.0  200.0   52.0    8.0
 8000.0  300.0  100.0   25.0
 133  67.5 -107.0  8 BATHURST INLET NWT.           
 1000.0  200.0    1.0    2.0
 2000.0  200.0    8.0    5.0
 3000.0  200.0   16.0    5.0
 4000.0  200.0   27.0    7.0
 5000.0  200.0   44.0   11.0
 6000.0  200.0   65.0   13.0
 7000.0  200.0   95.0   15.0
 8000.0  300.0  145.0   25.0
 134  70.0 -133.0  4 TUKTOYAKTUK PEN. NWT.         
 3700.0  200.0  -20.5    3.0
 6600.0  200.0  -29.6    4.4
 7700.0  300.0  -41.7    6.2
 8800.0  300.0  -41.9    6.2
 135  72.8  -93.6  6 S. SOMERSET IS.               
 4000.0  200.0   18.0    3.0
 5000.0  200.0   22.0    5.0
 6000.0  200.0   30.0    5.0
 7000.0  200.0   36.0    6.0
 8000.0  300.0   47.0    7.0
 9000.0  300.0   90.0   23.0
 136  74.0  -93.7  9 N. SOMERSET IS.               
 1000.0  200.0    3.0    2.0
 2000.0  200.0    6.0    2.0
 3000.0  200.0    9.0    3.0
 4000.0  200.0   12.0    4.0
 5000.0  200.0   17.0    5.0
 6000.0  200.0   22.0    6.0
 7000.0  200.0   28.0    7.0
 8000.0  300.0   44.0    8.0
 9000.0  300.0   92.0   20.0
 137  73.7  -99.0  4 N. PRINCE OF WALES IS.        
 9500.0  300.0   88.0   13.1
 9800.0  300.0   95.0   14.2
10400.0  400.0  120.0   17.9
11000.0  400.0  133.0   30.0
 138  73.0 -111.0  3 N. VICTORIA IS.               
 9900.0  300.0   41.0    6.1
11400.0  400.0   82.0   12.2
11800.0  400.0  105.0   15.7
 139  75.0 -109.0  6 S. MELVILLE IS.               
  600.0  200.0    1.6    1.0
 1200.0  200.0    1.8    1.0
 1700.0  200.0    1.8    1.0
 9500.0  300.0   38.0    5.6
10500.0  400.0   60.0    8.9
11500.0  400.0   80.0   11.9
 140  76.0 -100.0  6 BATHURST IS.                  
 4000.0  200.0   27.0    8.0
 5000.0  200.0   38.0   12.0
 6000.0  200.0   50.0   16.0
 7000.0  200.0   65.0   18.0
 8000.0  300.0   80.0   20.0
 9000.0  300.0  120.0   30.0
 141  75.0  -95.0  6 CORNWALLIS IS.                
 4000.0  200.0   21.0    6.0
 5000.0  200.0   27.0    7.0
 6000.0  200.0   35.0    8.0
 7000.0  200.0   48.0    9.0
 8000.0  300.0   70.0   13.0
 9000.0  300.0  110.0   30.0
 142  76.0  -90.0  1 BOAT PT. DEV.                 
 5200.0  200.0   26.5    3.9
 143  75.6  -84.6  4 TRUELOVE INLET DEV.           
 2400.0  200.0    3.0    1.0
 2900.0  200.0    4.0    1.0
 5200.0  200.0   12.0    1.8
 8100.0  300.0   43.0    6.4
 144  76.5  -88.0  8 C. STORM ELL.                 
 1000.0  200.0    3.0    1.0
 2000.0  200.0    6.0    1.0
 3000.0  200.0   10.0    1.5
 4000.0  200.0   13.5    2.0
 5000.0  200.0   21.0    3.1
 6000.0  200.0   30.0    4.5
 7000.0  200.0   40.0    5.9
 8000.0  300.0   59.0    8.8
 145  76.5  -84.0  7 S. CAPE FIORD ELL.            
 2000.0  200.0    4.5    1.0
 3000.0  200.0    8.0    1.5
 4000.0  200.0   13.5    2.0
 5000.0  200.0   20.0    3.0
 6000.0  200.0   25.5    3.8
 7000.0  200.0   38.0    5.6
 8000.0  300.0   57.0    8.5
 146  78.5  -86.0  8 BAY FIORD ELL.                
 1000.0  200.0    2.0    1.0
 2000.0  200.0    5.5    2.0
 3000.0  200.0   12.0    3.0
 4000.0  200.0   17.0    4.0
 5000.0  200.0   27.0    5.0
 6000.0  200.0   36.0    8.0
 7000.0  200.0   55.0    8.2
 8000.0  300.0   88.0   13.1
 147  80.0  -88.0  9 E. AXEL HEIBERG IS.           
 1000.0  200.0    5.0    2.0
 2000.0  200.0   11.0    3.0
 3000.0  200.0   18.0    5.0
 4000.0  200.0   24.0    6.0
 5000.0  200.0   35.0    7.0
 6000.0  200.0   45.0    7.0
 7000.0  200.0   61.0    9.1
 8000.0  300.0   93.0   13.9
 9000.0  300.0  140.0   30.0
 148  81.0  -78.0  4 TANQUARY FIORD ELL.           
 4200.0  200.0    9.0    1.3
 5700.0  200.0   13.0    2.0
 6300.0  200.0   25.0    5.0
 6800.0  200.0   56.0    8.3
 149  81.2  -69.0  3 ARCHER FIORD ELL.             
 5500.0  200.0   50.0    7.4
 6900.0  200.0   88.0   13.1
11000.0  400.0   98.0   14.6
 150  81.5  -65.5  2 C. BAIRD ELL.                 
 7400.0  200.0  102.0   15.2
10800.0  400.0  110.0   16.4
 151  81.7  -66.0  7 DISCOVERY HARBOUR ELL.        
 3900.0  300.0   20.0    3.0
 4600.0  200.0   61.0    9.1
 6500.0  200.0   72.0   10.7
 6800.0  200.0   78.0   11.6
 7000.0  300.0   72.0   10.7
 7400.0  200.0   81.0   12.1
 7800.0  300.0  103.0   15.4
 152  82.5  -63.0  5 ALERT ELL.                    
 1000.0  200.0    2.0    1.0
 2000.0  200.0    5.5    1.0
 4700.0  200.0   23.0    3.4
 5400.0  200.0   35.0    5.2
 7000.0  200.0   65.0   10.0
 153  82.6  -68.0  7 CLEM. MARKHAM INLET ELL.      
 2200.0  200.0    6.0    1.0
 4200.0  200.0   21.0    3.1
 4600.0  200.0   22.5    3.3
 6400.0  200.0   43.0    6.4
 6700.0  200.0   59.0    8.8
 7800.0  300.0   72.0   10.7
 8500.0  300.0   93.0   13.9
 154  83.1  -74.0  4 WARD HUNT IS. ELL.            
 4700.0  200.0    7.0    3.0
 6000.0  200.0   12.0    3.0
 7000.0  200.0   42.0   10.0
 7800.0  300.0   64.0   12.0
 155  82.6  -72.8 10 THORES R. ELL.                
 4000.0  200.0    2.0    5.0
 5700.0  200.0   21.0   15.0
 6500.0  200.0   23.0   15.0
 6900.0  200.0    6.0   10.0
 7100.0  200.0   32.0   15.0
 7300.0  200.0   33.0   15.0
 7800.0  300.0   66.0   10.0
 8000.0  300.0   66.0   10.0
 8200.0  300.0   66.0   10.0
10100.0  400.0   66.0   10.0
 156  82.8  -73.8  5 DISRAELI FIORD ELL.           
 4900.0  200.0   15.0    3.0
 5400.0  200.0    7.0    3.0
 6500.0  200.0   19.0    7.0
 8100.0  300.0   45.0   20.0
 8800.0  300.0   46.0   20.0
 157  83.0  -75.7  1 RAMBOW HILL ELL.              
 6000.0  200.0   33.0    4.9
 158  82.6  -75.7  2 M'CLINTOCK INLET ELL.         
 7800.0  300.0   36.0   10.0
 8900.0  300.0   84.0   12.5
 159  82.0  -85.0  6 PHILLIPS INLET ELL.           
 4300.0  200.0    9.0    1.3
 7100.0  200.0   58.0   15.0
 7500.0  300.0   55.0   15.0
 7800.0  300.0   54.0   15.0
 8000.0  300.0   54.0   15.0
 8300.0  300.0   67.0   20.0
 160  81.6  -60.2  6 HALL LAND GRL.                
 4700.0  200.0   10.0    1.4
 7400.0  200.0  102.0   15.2
 8200.0  300.0   56.0    8.3
 8600.0  300.0   82.0   12.2
 9000.0  300.0  105.0   15.7
 9600.0  300.0  110.0   16.4
 161  76.8  -73.0  2 CAREY IS. GRL.                
 3400.0  200.0    1.5    1.0
 7900.0  300.0   20.0    3.0
 162  68.5  -51.5  4 DISKO BAY GRL.                
 7100.0  200.0   40.0   10.0
 7700.0  300.0   52.0   14.0
 7900.0  300.0   40.0   17.0
 8900.0  300.0   70.0   26.0
 163  67.0  -50.2  9 SONDRE STOMFJORD GRL.         
 5600.0  200.0    5.0    1.0
 5800.0  200.0   11.0    1.6
 6600.0  200.0   20.0    3.0
 7200.0  200.0   42.0    6.2
 7700.0  300.0   59.0    8.8
 8300.0  300.0   95.0   14.2
 8400.0  300.0   92.0   13.7
 8600.0  300.0  105.0   15.7
 8700.0  300.0  115.0   17.2
 164  64.5  -50.5  2 KAPISIGDLIT GRL.              
 4300.0  200.0    8.0    1.1
 7600.0  300.0   40.0   14.0
 165  61.0  -46.7  1 JULIANEHAAB GRL.              
 8000.0  300.0    3.5    1.0
 166  72.0  -26.0  4 SKELDAL GRL.                  
 5700.0  600.0    4.0    1.0
 6900.0  600.0   21.0    6.0
 7800.0  600.0   36.0    5.3
 8800.0  600.0   59.0    8.8
 167  72.0  -24.0  6 MESTERS VIG GRL.              
  700.0  600.0    3.0    1.0
 3000.0  600.0    4.0    1.0
 5600.0  600.0    4.0    1.0
 6900.0  600.0    8.5    1.2
 7500.0  600.0   20.0    3.0
 8000.0  600.0   29.0    4.3
 168  80.1  -20.7  4 K. FREDERICK VIII LAND GRL.   
 3400.0  200.0    7.0    1.0
 5000.0  200.0   21.0    3.1
 6800.0  200.0   41.0    6.1
 7500.0  300.0   67.0   10.0
 169  82.0  -31.0  5 J. BRONLUND FJORD GRL.        
 3300.0  200.0   13.0    1.9
 4100.0  200.0   14.0    2.1
 4500.0  200.0   21.0    3.1
 5900.0  600.0   65.0    9.7
 8600.0  300.0   80.0   11.9
 201  69.0   35.0  1 KOLA BAY USSR.                
 9500.0  300.0   57.0    8.5
 202  70.0   29.0  8 VARANGER FJORD NOR.           
 1000.0  200.0    5.0    1.0
 2000.0  200.0   10.0    1.4
 3000.0  200.0   15.0    2.2
 4000.0  200.0   21.0    3.1
 5000.0  200.0   28.0    4.2
 6000.0  200.0   34.0    5.0
 7000.0  200.0   37.0    5.5
 8000.0  300.0   37.0    5.5
 203  71.0   24.0  5 INGOY NOR.                    
 3000.0  200.0    9.0    1.3
 4000.0  200.0   13.0    1.9
 5000.0  200.0   19.0    2.8
 6000.0  200.0   24.0    3.6
 7000.0  200.0   30.0    4.5
 204  70.0   21.0  5 SKJAEAFASSEN NOR.             
 3000.0  200.0    5.0    1.0
 4000.0  200.0    6.0    1.0
 5000.0  200.0    8.0    1.1
 6000.0  200.0    5.0    1.0
 7000.0  200.0    4.0    1.0
 205  69.5   18.0  6 KVALVIKA NOR.                 
 3000.0  200.0    6.0    1.0
 4000.0  200.0    8.0    1.1
 5000.0  200.0   13.0    1.9
 6000.0  200.0   14.0    2.1
 7000.0  200.0   14.0    2.1
11200.0  400.0   60.0    8.9
 206  69.1   16.0  8 AND FJORD NOR.                
 2200.0  200.0    2.7    1.0
 2700.0  200.0    3.7    1.0
 3100.0  200.0    4.7    1.0
 3400.0  200.0    3.3    1.0
 6100.0  200.0    4.1    1.0
11400.0  400.0   73.0   10.9
11700.0  400.0   73.0   10.9
12800.0  500.0   78.0   11.6
 207  63.8   11.0  8 VERDALSOYA NOR.               
 1800.0  200.0   10.0    1.4
 3900.0  200.0   25.0    3.7
 6000.0  200.0   50.0    7.4
 7400.0  200.0   64.0    9.5
 8100.0  300.0   68.0   10.1
 8800.0  300.0   86.0   12.8
 9000.0  300.0  113.0   16.9
 9900.0  300.0  172.0   25.8
 208  63.6   10.6  9 FROSTA NOR.                   
 4000.0  200.0   26.0    3.9
 6000.0  200.0   43.0    6.4
 8300.0  300.0   72.0   10.7
 8700.0  300.0   91.0   13.6
 9600.0  300.0  109.0   16.3
 9700.0  300.0  119.0   17.8
 9800.0  300.0  142.0   21.2
10300.0  400.0  156.0   23.3
10600.0  400.0  170.0   25.4
 209  63.7    9.6 12 BJUGN NOR.                    
 2500.0  200.0    9.0    1.3
 4000.0  200.0   17.0    2.5
 4800.0  200.0   22.0    3.3
 5200.0  200.0   27.0    4.0
 6100.0  200.0   32.0    4.8
 8800.0  300.0   43.0    6.4
 9200.0  300.0   52.0    7.7
 9400.0  300.0   63.0    9.4
 9700.0  300.0   92.0   13.7
 9900.0  300.0   10.4    1.5
10400.0  400.0  116.0   17.3
11400.0  400.0  118.0   17.6
 210  63.6    8.5  5 FROYA NOR.                    
 4900.0  200.0   15.0    2.2
 5300.0  200.0   14.0    2.1
 9200.0  300.0   28.0    4.2
 9700.0  300.0   39.0    5.8
10300.0  400.0   44.0    6.5
 211  63.4    8.8  6 HITRA NOR.                    
 5200.0  200.0   18.0    2.7
 9700.0  300.0   61.0    9.1
 9800.0  300.0   41.0    6.1
 9900.0  300.0   76.0   11.3
12100.0  400.0   97.0   14.5
12600.0  500.0   97.0   14.5
 212  62.8    8.2  2 TINGVOLL NOR.                 
10600.0  400.0   90.0   13.4
11800.0  400.0  113.0   16.9
 213  62.7    6.2  2 SKULOY NOR.                   
 7300.0  200.0    9.0    1.3
 9500.0  300.0    9.0    1.3
 214  62.4    6.6  4 STETTE NOR.                   
10200.0  400.0   38.0    5.6
10600.0  400.0   39.0    5.8
10800.0  400.0   42.0    6.2
12200.0  700.0   48.0    7.1
 215  62.3    6.2  7 SULA NOR.                     
 4300.0  200.0    7.0    1.0
 7500.0  300.0   13.0    1.9
 8200.0  300.0    7.0    1.0
 8400.0  300.0   10.0    1.4
10000.0  400.0   26.0    3.9
11200.0  400.0   31.0    4.6
11800.0  400.0   35.0    5.2
 216  62.2    5.6  6 LEINOY NOR.                   
10500.0  400.0    6.0    1.0
10900.0  400.0    6.0    1.0
11600.0  400.0    8.5    1.2
12100.0  400.0   17.0    2.5
12300.0  700.0   23.0    3.4
12400.0  400.0   19.0    2.8
 217  62.0    5.3  2 BORGUNDVAG NOR.               
 6200.0  200.0    5.0    1.0
 8400.0  300.0   -2.0    1.0
 218  61.1    6.0  1 SOGNE FJORD NOR.              
10300.0  400.0   20.0    3.0
 219  60.8    5.0  9 FONNES NOR.                   
 1000.0  200.0    1.0    1.0
 2000.0  200.0    2.0    1.0
 3000.0  200.0    5.0    1.0
 4000.0  200.0    7.0    1.0
 5000.0  200.0    9.0    1.3
 6000.0  200.0   10.0    1.4
 7000.0  200.0   14.0    2.1
 8000.0  300.0    8.0    1.1
 9000.0  300.0    5.0    1.0
 220  60.2    5.0  4 BERGEN NOR.                   
 7400.0  200.0   11.4    1.7
 9900.0  300.0   23.6    3.5
10300.0  400.0   32.3    4.8
10900.0  400.0   38.2    5.7
 221  59.0    5.5  7 JAEREN NOR.                   
 1000.0  500.0    1.0    1.0
 2000.0  500.0    1.0    1.0
 3000.0  500.0    2.0    1.0
 4000.0  500.0    4.0    1.0
 8000.0  500.0    4.0    1.0
 9000.0  500.0    1.0    1.0
10000.0  500.0    5.0    1.0
 222  58.0    6.7  9 LISTA NOR.                    
 1000.0  200.0    1.0    1.0
 2000.0  200.0    2.0    1.0
 3000.0  200.0    3.0    1.0
 4000.0  200.0    7.0    1.0
 5000.0  200.0    3.0    1.0
 6000.0  200.0    3.0    1.0
 7000.0  200.0    2.0    1.0
 8000.0  300.0   -8.0    1.1
 9000.0  300.0  -11.0    1.6
 223  58.0    7.7  2 MANDAL NOR.                   
 3100.0  200.0    4.0    1.0
 6800.0  200.0    8.0    1.1
 224  60.0   10.9  4 OSLO NOR.                     
 2500.0  200.0    9.0    1.3
 5000.0  200.0   26.0    3.9
 8200.0  300.0   75.0   11.2
 9500.0  300.0  142.0   21.2
 225  59.5   11.0  4 S. OSTFOLD NOR.               
 2500.0  200.0    8.0    1.1
 5000.0  200.0   20.0    3.0
 8200.0  300.0   60.0    8.9
 9500.0  300.0  115.0   17.2
 226  58.6   11.2  8 FJALLBACKA SWE.               
 1000.0  200.0    6.0    1.0
 2000.0  200.0   10.0    1.4
 3000.0  200.0   17.0    2.5
 4000.0  200.0   23.0    3.4
 5000.0  200.0   30.0    4.5
 6000.0  200.0   38.0    5.6
 7000.0  200.0   47.0    7.0
 8000.0  300.0   57.0    8.5
 227  57.7   11.7  9 GOTEBORG SWE.                 
 1000.0  200.0    1.0    1.0
 2000.0  200.0    6.0    1.0
 3000.0  200.0    9.0    1.3
 4000.0  200.0   13.0    1.9
 5000.0  200.0   17.0    2.5
 6000.0  200.0   23.0    3.4
 7000.0  200.0   24.0    3.6
 8000.0  300.0   18.0    2.7
 9000.0  300.0   19.0    2.8
 228  57.3   12.0  9 ONSALA SWE.                   
 1000.0  200.0    1.0    1.0
 2000.0  200.0    4.0    1.0
 3000.0  200.0    7.0    1.0
 4000.0  200.0   10.0    1.4
 5000.0  200.0    9.0    1.3
 6000.0  200.0   16.0    2.4
 7000.0  200.0   19.0    2.8
 8000.0  300.0   15.0    2.2
 9000.0  300.0    8.0    1.1
 229  56.5   13.0  7 SOBORG SWE.                   
 1000.0  200.0     .5    1.0
 2000.0  200.0    1.2    1.0
 3000.0  200.0    2.0    1.0
 4000.0  200.0    2.6    1.0
 5000.0  200.0    3.2    1.0
 6000.0  200.0    4.0    1.0
 7000.0  200.0    2.6    1.0
 230  55.6   12.9  2 TRELLEBORG SWE.               
 7900.0  300.0   -5.5    1.0
 8100.0  300.0   -3.7    1.0
 231  56.2   16.0  9 E. BLEKINGE SWE.              
 1000.0  200.0    4.0    1.0
 2000.0  200.0    5.0    1.0
 3000.0  200.0    6.0    1.0
 4000.0  200.0    5.0    1.0
 5000.0  200.0    5.0    1.0
 6000.0  200.0   -1.0    1.0
 7000.0  200.0   -2.0    1.0
 7500.0  300.0   -1.3    1.0
 8000.0  300.0   -3.0    1.0
 232  59.3   18.2  5 STOCKHOLM SWE.                
 1900.0  200.0    5.0    1.0
 4200.0  200.0   22.0    3.3
 5000.0  200.0   36.0    5.3
 5200.0  200.0   41.0    6.1
 6200.0  200.0   55.0    8.2
 233  63.0   18.0  7 ANGERMANLAND SWE.             
 1000.0  200.0   11.0    1.6
 2000.0  200.0   26.0    3.9
 3000.0  200.0   40.0    5.9
 4000.0  200.0   57.0    8.5
 5000.0  200.0   78.0   11.6
 6000.0  200.0   97.0   14.5
 7000.0  200.0  125.0   18.7
 234  62.3   21.4  9 KRISTIINANKAUPUNKI FIN.       
 1000.0  200.0   17.0    2.5
 2000.0  200.0   30.0    4.5
 3000.0  200.0   43.0    6.4
 4000.0  200.0   56.0    8.3
 5000.0  200.0   66.0    9.8
 6000.0  200.0   73.0   10.9
 7000.0  200.0   82.0   12.2
 8000.0  300.0  122.0   18.2
 9000.0  300.0  180.0   27.0
 235  60.2   24.9 10 HELSINKI FIN.                 
 1000.0  200.0    6.0    1.0
 2000.0  200.0   10.0    1.4
 3000.0  200.0   17.0    2.5
 4000.0  200.0   20.0    3.0
 5000.0  200.0   23.0    3.4
 6000.0  200.0   22.0    3.3
 7000.0  200.0   38.0    5.6
 8000.0  300.0   31.0    4.6
 9000.0  300.0   49.0    7.3
10000.0  400.0   86.0   12.8
 236  59.0   27.7  1 NARVA ESTONIA                 
 7000.0  200.0    8.5    1.2
 237  59.0   24.5  7 TALLINN ESTONIA               
 6000.0  200.0   11.0    1.6
 6100.0  200.0    6.6    1.0
 7100.0  300.0   23.0    3.4
 7500.0  300.0   12.5    1.8
 8400.0  300.0   17.0    2.5
 9600.0  300.0   10.0    1.4
 9800.0  300.0   10.0    1.4
 238  58.0   22.5  1 SAREMA ESTONIA                
 3900.0  200.0   11.5    1.7
 239  57.5   10.5 12 FREDERIKSHAVN DEN.            
 2000.0  200.0     .5    1.0
 3000.0  200.0    2.0    1.0
 4000.0  200.0    6.0    1.0
 5000.0  200.0   10.0    1.4
 6000.0  200.0   13.0    1.9
 7000.0  200.0   15.0    2.2
11300.0  400.0    6.0    5.0
11700.0  400.0    7.0    5.0
12100.0  400.0   16.0   10.0
12400.0  400.0   16.0   10.0
14000.0  500.0   30.0   10.0
14700.0  500.0   12.0   10.0
 240  55.8   10.9  1 KALUNDBERG DEN.               
 8500.0  300.0  -25.2    3.7
 241  55.3   10.9  2 KORSOR DEN.                   
 7900.0  300.0  -29.0    4.3
 8700.0  300.0  -29.3    4.3
 242  55.0   12.0  7 PRAESTO DEN.                  
 1000.0  200.0    1.0    1.0
 2000.0  200.0    1.0    1.0
 3000.0  200.0     .0    1.0
 4000.0  200.0     .0    1.0
 5000.0  200.0     .0    1.0
 6000.0  200.0   -2.0    1.0
 7000.0  200.0   -6.0    1.0
 243  54.3   11.1  6 RODBYHAVN DEN.                
  500.0  200.0    -.2    1.0
 1300.0  200.0    -.5    1.0
 3200.0  200.0   -1.3    1.0
 4500.0  200.0   -2.4    1.0
 5900.0  200.0   -4.2    1.0
 7600.0  300.0  -12.5    1.8
 245  57.4   -7.3  1 N. UIST SCOT.                 
 5700.0  200.0    -.7    1.0
 246  56.1   -5.3  3 LOCH FYNE SCOT.               
 6200.0  200.0    4.3    1.0
11700.0  400.0    -.6    1.0
12400.0  400.0     .5    1.0
 247  56.1   -3.8 10 FIRTH OF FORTH SCOT.          
 1000.0  200.0     .6    1.0
 2000.0  200.0    3.4    1.0
 3000.0  200.0    3.7    1.0
 4000.0  200.0    8.0    1.1
 5000.0  200.0   10.0    1.4
 6000.0  200.0   12.0    1.8
 7000.0  200.0   11.0    1.6
 8000.0  300.0    7.0    1.0
 9000.0  300.0    5.0    1.0
10000.0  400.0    8.0    1.1
 248  56.0   -6.2  5 ORONSAY SCOT.                 
 5900.0  200.0   11.0    1.6
 7100.0  200.0    1.0    1.0
 7400.0  200.0    1.0    1.0
 8200.0  300.0   11.7    1.7
11800.0  400.0   20.0    3.0
 249  55.9   -4.4  4 PORT GLASGOW SCOT.            
11100.0  400.0    2.0    1.0
11900.0  400.0    5.2    1.0
12300.0  400.0    6.1    1.0
13500.0  500.0    6.1    1.0
 250  55.4   -4.7  2 AYR SCOT.                     
 9000.0  300.0    1.8    1.0
 9600.0  300.0    6.1    1.0
 251  54.9   -4.4  2 THE MACHARS SCOT.             
 2000.0  200.0    5.2    1.0
 6500.0  200.0    6.4    1.0
 252  54.7   -1.2 12 TEES R. ENG.                  
 1000.0  200.0   -2.0    1.0
 2000.0  200.0     .0    1.0
 3000.0  200.0   -4.0    1.0
 4000.0  200.0    5.0    1.0
 5000.0  200.0   -8.0    1.1
 6000.0  200.0  -12.0    1.8
 7000.0  200.0  -15.0    2.2
 8000.0  300.0  -30.0    4.5
 9000.0  300.0  -43.0    6.4
10000.0  400.0  -52.0    7.7
11000.0  400.0  -57.0    8.5
12000.0  400.0  -58.0    8.6
 253  53.6    -.4  9 HUMBER R. ENG.                
 2600.0  200.0   -1.0    1.0
 2800.0  200.0     .3    1.0
 3300.0  200.0     .2    1.0
 3500.0  200.0   -3.5    1.0
 3900.0  200.0   -1.8    1.0
 5200.0  200.0   -2.5    1.0
 6200.0  200.0   -2.4    1.0
 6700.0  200.0   -9.5    1.4
 7000.0  200.0  -11.6    1.7
 254  54.2   -3.2  7 CUMBERLAND ENG.               
  600.0  200.0    3.0    1.0
 2200.0  200.0    3.0    1.0
 3600.0  300.0    2.0    1.0
 6200.0  300.0    2.0    1.0
 6800.0  300.0   -5.0    1.0
 7900.0  400.0  -10.0    1.4
 9200.0  400.0  -21.0    3.1
 255  53.5   -3.2  8 MERSEYSIDE ENG.               
 1000.0  200.0    1.0    1.0
 2000.0  200.0    1.0    1.0
 3000.0  200.0     .0    1.0
 4000.0  200.0   -1.0    1.0
 5000.0  200.0   -1.0    1.0
 6000.0  200.0   -3.0    1.0
 7000.0  200.0   -7.0    1.0
 8000.0  300.0  -14.0    2.1
 265  54.3   -5.8  8 BELFAST N. IRE.               
 2700.0  200.0    -.7    1.0
 3400.0  200.0   -1.0    1.0
 5700.0  200.0     .5    1.0
 6600.0  300.0    1.0    1.0
 7200.0  200.0    3.0    1.0
 7700.0  400.0   -1.2    1.0
 8200.0  300.0    -.5    1.0
11700.0  400.0   -1.3    1.0
 266  55.3   -7.0  1 LOUGH FOYLE N. IRE.           
 7000.0  200.0    4.0    1.0
 270  65.5  -21.8  2 STADARHOLSKIRKJA ICELAND      
 3100.0  200.0    3.0    1.0
12800.0  500.0   20.0    3.0
 271  64.5  -21.8  2 AKRANES ICELAND               
12100.0  400.0   28.0    4.2
12800.0  500.0   33.0    4.9
 272  64.4  -21.8  4 REYKJAVIK ICELAND             
10400.0  400.0    4.0    1.0
11300.0  400.0    2.0    1.0
12400.0  400.0   25.0    3.7
12900.0  500.0    2.0    1.0
 273  77.4   15.0  4 HORNSUND SPITS.               
 6500.0  200.0   12.0    1.8
 7300.0  200.0    2.0    1.0
 9400.0  300.0   10.0    1.4
10300.0  400.0   29.0    4.3
 274  78.2   14.0  4 KAPP LINNE SPITS.             
 5000.0  200.0    7.0    1.0
 6000.0  200.0    9.0    1.3
 6500.0  200.0   10.0    1.4
 9000.0  300.0   24.0    3.6
 275  78.4   16.5  4 BILLEFJORDEN SPITS.           
 3200.0  200.0    4.0    1.0
 6500.0  200.0   13.0    1.9
 8900.0  300.0   26.0    3.9
 9200.0  300.0   55.0    8.2
 276  78.7   11.2  5 PRINS KARLS FORLAND SPITS.    
 6500.0  200.0    5.0    1.0
10500.0  400.0    3.3    1.0
11200.0  400.0   12.2    1.8
13400.0  500.0   18.4    2.7
13700.0  500.0   24.8    3.7
 277  78.9   11.6  8 BROGGERHALVOYA SPITS.         
 6000.0  200.0    5.0    5.0
 9400.0  300.0    4.0    3.0
 9500.0  300.0   14.0    3.0
 9700.0  300.0   30.0    4.5
 9900.0  400.0    8.0    3.0
10100.0  400.0   23.0    3.4
11000.0  400.0   37.0    5.5
11900.0  400.0   37.0    5.5
 278  79.8   16.8  4 SORGFJORDEN SPITS.            
 6500.0  200.0    8.7    1.3
 8600.0  300.0   30.0    4.5
10000.0  400.0   25.0    3.7
10900.0  400.0   33.0    4.9
 279  80.0   19.0  8 MURCHISONFJORDEN SPITS.       
 3000.0  200.0    2.0    1.0
 4000.0  200.0    3.0    1.0
 5000.0  200.0    5.0    1.0
 6000.0  200.0    7.0    1.0
 6500.0  200.0   10.0    1.4
 7000.0  200.0   10.0    1.4
 8000.0  300.0   14.0    2.1
 9000.0  300.0   29.0    4.3
 280  78.2   20.5  6 WILHELMOYA SPITS.             
 3000.0  200.0    7.0    1.0
 4000.0  200.0   10.0    1.4
 5000.0  200.0   13.0    1.9
 6000.0  200.0   20.0    3.0
 6800.0  200.0   28.0    4.2
 7000.0  200.0   28.0    4.2
 281  78.6   22.2  2 BARENTSOYA SPITS.             
 6500.0  200.0   30.0    4.5
 8400.0  300.0   48.0    7.1
 282  79.0   28.0  7 KONG KARLS LAND SPITS.        
 2000.0  200.0   11.0    1.6
 3000.0  200.0   16.0    2.4
 4000.0  200.0   22.0    3.3
 5000.0  200.0   27.0    4.0
 6000.0  200.0   31.0    4.6
 6500.0  200.0   34.0    5.0
 9000.0  300.0   70.0   10.4
 283  77.3   22.6 10 EDGEOYA SPITS.                
 1000.0  200.0    2.0    1.0
 2000.0  200.0    6.0    1.0
 3000.0  200.0   10.0    1.4
 4000.0  200.0   17.0    2.5
 5000.0  200.0   23.0    3.4
 6000.0  200.0   29.0    4.3
 6500.0  200.0   33.0    4.9
 7000.0  200.0   35.0    5.2
 8000.0  300.0   41.0    6.1
 9000.0  300.0   50.0    7.4
 284  76.6   25.0  3 HOPEN IS. SPITS.              
 5000.0  200.0   22.0    3.3
 6500.0  200.0   34.0    5.0
 9000.0  300.0   50.0    7.4
 285  80.8   48.0  2 ZEMLYA GEORGE FJL.            
 1500.0  200.0    5.0    1.0
 5500.0  200.0   17.5    2.6
 286  80.5   56.0  2 OSTROV M'CLINTOCK FJL.        
 4800.0  200.0   10.0    1.4
 7500.0  300.0   26.0    3.9
 301  45.5  -76.0  3 OTTAWA ONT.                   
 9000.0  300.0   54.0   26.0
10000.0  400.0  100.0   20.0
11000.0  400.0  148.0   22.1
 302  45.3  -74.6  1 CORNWALL ONT.                 
 9900.0  300.0  107.0   16.0
 303  45.5  -74.0  5 MONTREAL QUE.                 
 7000.0  200.0    5.0    5.0
 8000.0  300.0   37.0   10.0
 9000.0  300.0   80.0   11.9
10000.0  400.0  123.0   18.4
11000.0  400.0  166.0   25.0
 304  48.0  -69.0  5 RIVIERE DU LOUP QUE.          
 7000.0  200.0   10.0   10.0
 8000.0  300.0   27.0   15.0
 9000.0  300.0   50.0   20.0
10000.0  400.0   75.0   25.0
11000.0  400.0  107.0   35.0
 305  48.5  -68.5  6 RIMOUSKI QUE.                 
 2000.0  200.0    3.0    2.0
 9000.0  300.0   33.0   10.0
10000.0  400.0   47.0   15.0
11000.0  400.0   65.0   20.0
12000.0  400.0   98.0   40.0
13000.0  500.0  124.0   50.0
 306  49.0  -66.0  7 GASPE QUE.                    
 6000.0  200.0    5.0    1.0
 7000.0  200.0    6.0    1.0
 8000.0  300.0   12.0    1.8
 9000.0  300.0   18.0    2.7
10000.0  400.0   28.0    4.2
11000.0  400.0   37.0    5.5
12000.0  400.0   50.0    7.4
 307  50.2  -65.5  4 MOISIE QUE.                   
 6000.0  200.0   21.0    3.1
 7000.0  200.0   31.0    4.6
 8000.0  300.0   48.0    7.1
 9000.0  300.0   70.0   10.4
 308  50.0  -60.0  5 N. GULF OF ST. LAWRENCE QUE.  
 2000.0  200.0    9.0    1.3
 4000.0  200.0   25.0    3.7
 6000.0  200.0   43.0    6.4
 8000.0  300.0   98.0   14.6
10000.0  400.0  157.0   23.5
 309  51.5  -56.5 12 NW. NEWFOUNDLAND              
 1000.0  200.0    1.0    1.0
 2000.0  200.0    2.5    1.0
 3000.0  200.0    4.0    2.0
 4000.0  200.0    6.0    2.0
 5000.0  200.0    8.0    3.0
 6000.0  200.0   13.0    3.0
 7000.0  200.0   20.0    5.0
 8000.0  300.0   30.0    8.0
 9000.0  300.0   41.0   14.0
10000.0  400.0   57.0   13.0
11000.0  400.0   75.0   15.0
12000.0  400.0   98.0   18.0
 310  48.0  -59.0  4 ST. GEORGE'S BAY NFLD.        
 4000.0  200.0   -4.0    3.0
 7000.0  200.0   -4.0    4.0
12000.0  400.0   26.0    5.0
13000.0  500.0   37.0    5.5
 311  47.0  -64.0  6 TIGNISH PEI.                  
 2000.0  200.0   -3.0    1.0
 3000.0  200.0   -6.0    3.0
 8000.0  300.0   -8.0   15.0
10000.0  400.0    1.0   11.0
12000.0  400.0   12.0    9.0
13000.0  500.0   20.0    9.0
 312  46.5  -63.5  9 FRENCH R. PEI.                
 1000.0  200.0   -3.0    2.0
 2000.0  200.0   -8.0    3.0
 3000.0  200.0  -12.0    4.0
 4000.0  200.0  -17.0    5.0
 5000.0  200.0  -21.0    7.0
 6000.0  200.0  -26.0    9.0
 7000.0  200.0  -30.0   10.0
 8000.0  300.0  -33.0   12.0
10000.0  400.0  -35.0   13.0
 313  46.3  -63.3  5 CHARLOTTETOWN PEI.            
 1000.0  200.0   -1.2    1.0
 1500.0  200.0   -2.4    1.6
 2000.0  200.0   -3.2    2.4
 3000.0  200.0   -6.4    4.0
 4000.0  200.0  -10.0    5.0
 314  46.0  -60.0  7 CAPE BRETON IS. NS.           
 2000.0  200.0   -5.0    1.0
 4000.0  200.0   -8.0    1.1
 6000.0  200.0  -21.0    3.1
 8000.0  300.0  -25.0    3.7
10000.0  400.0  -29.0    4.3
12000.0  400.0  -50.0    7.4
14000.0  500.0  -67.0   10.0
 315  45.0  -63.0  5 CHEZZETCOOK NS.               
 1000.0  200.0   -2.0    1.0
 2000.0  200.0   -8.0    1.1
 3600.0  200.0   -9.0    1.3
 5100.0  200.0  -12.0    1.8
 6700.0  200.0  -13.0    1.9
 316  44.7  -63.7  7 HALIFAX NS.                   
 2000.0  200.0   -5.0    1.0
 4000.0  200.0   -8.0    1.1
 6000.0  200.0  -21.0    3.1
 8000.0  300.0  -25.0    3.7
10000.0  400.0  -29.0    4.3
12000.0  400.0  -33.0    4.9
14000.0  500.0  -33.0    4.9
 317  44.5  -64.3  2 LUNENBURG BAY NS.             
 5800.0  200.0  -22.0    3.3
 7100.0  200.0  -28.0    4.2
 318  43.9  -66.0  4 YARMOUTH NS.                  
 1400.0  200.0   -2.0    1.0
 2500.0  200.0   -3.3    1.0
 2600.0  200.0   -4.5    1.0
 2700.0  200.0   -5.7    1.0
 319  45.0  -65.0  9 BAY OF FUNDY NS.              
 1300.0  200.0   -2.3    1.0
 2500.0  200.0   -4.0    1.0
 3100.0  200.0   -6.0    1.0
 3600.0  200.0   -8.5    1.2
 5000.0  200.0  -13.0    2.5
 6000.0  200.0  -15.0    2.5
11000.0  400.0  -14.0    6.0
12000.0  400.0    5.0    9.0
13000.0  500.0   29.0   11.0
 320  45.3  -66.0  7 ST. JOHN NB.                  
 2000.0  200.0   -5.0    1.0
 4000.0  200.0   -8.0    1.1
 6000.0  200.0  -17.0    2.5
 8000.0  300.0  -13.0    1.9
10000.0  400.0   -4.0    1.0
12000.0  400.0   17.0    2.5
14000.0  500.0   75.0   11.2
 321  44.5  -67.7 13 ADDISON ME.                   
  800.0  200.0    -.4    1.0
 1900.0  200.0   -1.4    1.0
 3200.0  200.0   -3.0    1.0
 4100.0  200.0   -4.0    1.0
 9500.0  900.0  -65.0    9.7
10500.0  500.0  -53.0    7.9
11700.0  500.0   27.0   15.0
13000.0  500.0   72.0   10.7
 1000.0  200.0   -2.0    1.5
 2000.0  200.0   -3.5    2.0
 3000.0  200.0   -4.0    2.0
 4000.0  200.0   -4.5    1.5
12000.0  400.0   60.0   40.0
 322  43.1  -70.7  9 ISLES OF SHOALS NH.           
 1000.0  200.0    -.7    1.0
 2000.0  200.0   -1.5    1.0
 3000.0  200.0   -3.0    1.5
 4000.0  200.0   -4.5    1.5
 5000.0  200.0   -7.0    2.0
 6000.0  200.0   -9.0    2.0
 7000.0  200.0  -12.0    2.0
10800.0  400.0  -31.0    4.6
12100.0  400.0  -31.0    4.6
 323  42.8  -70.8  8 BOSTON MA.                    
 2500.0  200.0   -1.6    1.0
 3400.0  200.0   -3.0    1.0
 3700.0  200.0   -4.0    1.0
 4200.0  200.0   -4.9    1.0
 4900.0  200.0   -7.6    1.1
 6300.0  200.0  -12.5    1.8
11000.0  400.0   -8.0    3.0
12000.0  400.0   -3.0    3.0
 324  41.7  -70.3  4 BARNSTABLE MA.                
 1000.0  200.0   -1.0    1.0
 2000.0  200.0   -2.4    1.0
 3000.0  200.0   -5.0    1.0
 4000.0  200.0   -7.2    1.0
 325  41.3  -70.0  5 PLUM IS. MA.                  
 2700.0  200.0   -1.6    1.0
 4200.0  200.0   -3.3    1.0
 5200.0  200.0   -5.0    1.0
 6200.0  200.0   -7.6    1.1
 8200.0  300.0  -13.0    1.9
 401  54.0   10.6  7 LUBECK WG.                    
 1000.0  200.0   -2.0    1.0
 2000.0  200.0   -3.0    1.0
 3000.0  200.0   -4.0    1.0
 4000.0  200.0   -5.0    1.0
 5000.0  200.0   -6.0    1.0
 6000.0  200.0   -9.0    1.3
 7000.0  200.0  -15.0    2.2
 402  54.6   10.2  4 KEIL BAY WG.                  
 3100.0  200.0   -1.2    1.0
 7800.0  300.0  -19.0    2.8
 9800.0  300.0  -31.0    4.6
11900.0  400.0  -29.0    4.3
 513 -53.7  -68.0  1 LA MISION ARGENTINA           
 7900.0  300.0   -4.3    1.0
 567 -62.2  -58.8  5 PALMER PEN. ANTARCTICA        
  600.0  200.0     .5    1.0
 1200.0  200.0    5.0    1.0
 1400.0  200.0    7.6    1.1
 3100.0  200.0   10.0    1.4
 7700.0  300.0    4.3    1.0
 568 -69.0   39.6  1 OLAF LAND ANTARCTICA          
 3800.0  200.0    3.5    1.0
 569 -66.3  110.5  1 KNOX COAST ANTARCTICA         
 6000.0  300.0   19.8    2.9
 570 -77.7  163.4  8 McMURDO SOUND ANTARCTICA      
 4600.0  200.0    2.9    1.0
 5200.0  200.0    4.0    1.0
 5400.0  200.0    8.1    1.2
 5800.0  200.0    7.5    1.1
 6100.0  200.0    5.7    1.0
 6200.0  200.0    4.5    1.0
 6400.0  200.0    6.0    1.0
 6700.0  200.0   21.6    3.2
 604  60.4 -145.0  3 COPPER R. AK.                 
  700.0  200.0   -3.2    1.0
 1400.0  200.0   -3.0    1.0
 1700.0  200.0   -4.5    1.0
 605  58.7 -137.7  4 YAKUTAT AK.                   
 1200.0  200.0    7.1    1.0
 2800.0  300.0   29.5    4.4
 8100.0  400.0   88.3   13.2
10800.0  400.0   63.0    9.4
 606  58.2 -134.0  7 JUNEAU AK.                    
 5000.0  200.0    3.0    1.0
 6000.0  200.0    6.0    1.0
 7000.0  200.0   16.0    2.4
 8000.0  300.0   23.0    3.4
 9000.0  300.0   29.0    4.3
10000.0  400.0   45.0    6.7
11000.0  400.0   62.0    9.2
 607  55.6 -131.6  2 KETCHIKAN AK.                 
  500.0  200.0    1.0    1.0
 8400.0  300.0   10.0    1.4
 608  54.3 -130.2  3 PRINCE RUPERT BC.             
 5000.0  200.0    4.0    1.0
 6000.0  200.0   13.0    1.9
 7000.0  200.0   32.0    4.8
 609  53.9 -132.7  9 QUEEN CHARLOTTE ISLANDS BC.   
 1000.0  200.0    2.0    1.0
 2000.0  200.0    3.0    1.0
 3000.0  200.0    4.0    1.0
 4000.0  200.0    8.0    1.1
 5000.0  200.0   11.0    1.6
 6000.0  200.0   11.0    1.6
 7000.0  200.0   11.0    1.6
 8000.0  300.0   12.0    1.8
 9000.0  300.0   13.0    1.9
 610  51.0 -128.0  8 QUEEN CHARLOTTE SOUND BC.     
 4000.0  200.0   -3.0    1.0
 5000.0  200.0   -3.0    1.0
 6000.0  200.0   -2.0    1.0
 7000.0  200.0    1.0    1.0
 8000.0  300.0    5.0    1.0
 9000.0  300.0   10.0    1.4
10000.0  400.0   18.0    2.7
11000.0  400.0   32.0    4.8
 611  50.6 -127.0  2 N. VANCOUVER IS. BC.          
12300.0  400.0   53.0    7.9
12900.0  500.0   17.0    2.5
 612  49.0 -124.0  6 E. VANCOUVER IS. BC.          
 4600.0  200.0   15.0    2.2
 8700.0  300.0    1.5    1.0
11500.0  400.0   37.0    5.5
11900.0  400.0   25.0    3.7
12200.0  400.0   49.0    7.3
12500.0  500.0  154.0   23.0
 613  48.5 -123.3  5 VICTORIA BC.                  
 5400.0  200.0    2.0    1.0
 9300.0  300.0    1.0    1.0
11700.0  400.0    2.0    1.0
12400.0  400.0   17.0    2.5
12700.0  500.0   28.0    4.2
 614  49.2 -123.0  5 FRAZER LOWLANDS BC.           
 7300.0  200.0    9.0    1.3
 9400.0  300.0   11.0    1.6
11000.0  400.0   38.0    5.6
11500.0  400.0   92.0   13.7
11900.0  400.0  132.0   19.7
 615  48.8 -122.5  4 WHATCOM WA.                   
10300.0  400.0   31.0    4.6
11600.0  400.0   77.0   11.5
11900.0  400.0   97.0   14.5
13000.0  500.0   82.0   12.2
 624 -52.8  -70.8  4 BAHIA GENTE GRANDE CHILE      
 3900.0  200.0    3.0    1.0
 4600.0  200.0    2.0    1.0
 5600.0  200.0    3.0    1.0
 5900.0  200.0    3.4    1.0
 625 -53.7  -71.2  2 PUERTO DEL HAMBRE CHILE       
 4000.0  200.0    3.5    1.0
 8000.0  300.0    2.1    1.0
 626 -54.9  -68.5  2 BEAGLE CHANNEL CHILE          
 1500.0  200.0     .7    1.0
 4600.0  200.0    3.6    1.0
 627  71.5  136.0  2 YANA R. SIBERIA               
 2000.0  200.0    5.5    1.0
 3600.0  300.0    2.0    1.0
 662 -42.0  174.0 10 WAIRAU VALLEY NZ.             
 1000.0  200.0     .5    1.0
 2000.0  200.0    1.0    1.0
 3000.0  200.0    1.5    1.0
 4000.0  200.0    2.0    1.0
 5000.0  200.0     .0    1.0
 6000.0  200.0   -2.0    1.0
 7000.0  200.0   -5.0    1.0
 8000.0  300.0  -10.0    3.0
 9000.0  300.0  -17.0    7.0
10000.0  400.0  -32.0    5.0
