 101  57.0  -77.0 10 RICHMOND GULF QUE.    
  644.1911  200.0000   10.0000    1.4000
 1296.5392  200.0000   20.0000    3.0000
 1636.9475  200.0000   27.0000    4.0000
 2455.3263  200.0000   33.0000    4.9000
 3669.3782  200.0000   60.0000    8.9000
 4544.6891  200.0000   80.0000   11.9000
 6245.1986  200.0000  125.0000   18.7000
 7361.6386  200.0000  145.0000   21.7000
 7993.0153  200.0000  197.0000   29.5000
 9193.3596  300.0000  256.0000   38.4000
 102  53.0  -79.0  7 JAMES BAY QUE.        
  969.9618  200.0000   15.0000    2.2000
 2020.9752  200.0000   30.0000    4.5000
 3153.6864  200.0000   50.0000    7.4000
 4387.7405  200.0000   80.0000   11.9000
 5721.0440  200.0000  105.0000   15.7000
 6860.0804  200.0000  155.0000   23.2000
 7818.8277  200.0000  250.0000   37.5000
 103  55.0  -82.5  7 C. HENRIETTA MARIA ONT
  969.9618  200.0000   16.0000    3.0000
 2020.9752  200.0000   34.0000    5.0000
 3153.6864  200.0000   51.0000    7.6000
 4387.7405  200.0000   69.0000   10.3000
 5721.0440  200.0000   90.0000   13.4000
 6860.0804  200.0000  115.0000   17.2000
 7818.8277  200.0000  138.0000   20.6000
 104  58.0  -94.0  7 CHURCHILL MAN.        
  969.9618  200.0000    8.0000    3.0000
 2020.9752  200.0000   21.0000    3.1000
 3153.6864  200.0000   36.0000    5.3000
 4387.7405  200.0000   54.0000    8.0000
 5721.0440  200.0000   74.0000   11.0000
 6860.0804  200.0000  100.0000   14.9000
 7818.8277  200.0000  133.0000   19.9000
 105  64.5  -95.0  4 KEEWATIN NWT.         
 4387.7405  200.0000   60.0000    8.9000
 5721.0440  200.0000   77.0000   11.5000
 6860.0804  200.0000  103.0000   15.4000
 7818.8277  200.0000  140.0000   20.9000
 106  59.8  -80.3 10 OTTAWA IS. NWT.       
  969.9618  200.0000    2.0000    2.0000
 1133.2505  200.0000    2.0000    1.0000
 2020.9752  200.0000    7.0000    2.0000
 3153.6864  200.0000   16.0000    3.0000
 3799.0000  200.0000   10.0000    1.4000
 4387.7405  200.0000   29.0000    4.3000
 5721.0440  200.0000   47.0000    7.0000
 6860.0804  200.0000   76.0000   11.3000
 7579.3319  200.0000   94.0000   14.0000
 7818.8277  200.0000  124.0000   20.0000
 107  64.5  -84.0  7 SOUTHAMPTON IS. NWT.  
  969.9618  200.0000    5.0000    2.0000
 2020.9752  200.0000   10.0000    3.0000
 3153.6864  200.0000   21.0000    5.0000
 4387.7405  200.0000   38.0000    6.0000
 5721.0440  200.0000   63.0000    9.4000
 6860.0804  200.0000   97.0000   14.5000
 7818.8277  200.0000  130.0000   19.4000
 108  62.0  -75.0  7 UNGAVA PEN. QUE.      
  969.9618  200.0000    1.0000    1.0000
 2020.9752  200.0000    3.0000    1.0000
 3153.6864  200.0000    6.0000    2.0000
 4387.7405  200.0000   13.0000    3.0000
 5721.0440  200.0000   29.0000    4.3000
 6860.0804  200.0000   51.0000    7.6000
 7818.8277  200.0000  110.0000   16.4000
 109  53.0  -60.0  7 GOOSE BAY LAB.        
 1507.3256  200.0000    9.0000    1.3000
 2020.9752  200.0000   10.0000    1.4000
 2129.5630  200.0000   11.0000    1.6000
 3280.5126  200.0000   24.0000    3.6000
 5521.4264  200.0000   30.0000    4.5000
 6112.2547  200.0000   33.0000    4.9000
 6860.0804  200.0000  110.0000   16.4000
 110  54.2  -58.0  7 HAMILTON INLET LAB.   
 2346.7385  200.0000    4.0000    1.0000
 2563.9141  200.0000    5.0000    1.0000
 4152.2443  200.0000    7.0000    1.0000
 5222.0000  200.0000    8.0000    1.1000
 5846.3668  200.0000   15.0000    2.2000
 6245.1986  200.0000   12.0000    1.8000
 9595.2420  300.0000   50.0000    7.4000
 111  63.0  -70.0  4 C. TANFIELD BAF.      
  969.9618  200.0000    1.0000    1.0000
 2020.9752  200.0000    2.0000    1.0000
 4387.7405  200.0000    6.0000    3.0000
 8857.1391  300.0000   80.0000   20.0000
 112  62.3  -66.3  6 JACKMAN SOUND BAF.    
 8857.1391  300.0000    9.5000    1.4000
 9081.2861  300.0000   29.0000    4.3000
 9193.3596  300.0000   20.0000    3.0000
 9456.3677  300.0000   46.0000    6.8000
 9595.2420  300.0000   38.0000    5.6000
10011.8649  500.0000   69.0000   10.3000
 113  62.8  -65.5  8 WARWICK SOUND BAF.    
 1296.5392  300.0000   -5.0000    1.0000
 9872.9906  300.0000   29.0000    4.3000
10011.8649  300.0000   17.0000    2.5000
10289.6135  300.0000   26.0000    3.9000
10428.4878  300.0000   15.0000    2.2000
10845.1107  300.0000   42.0000    6.2000
11678.3565  400.0000   73.0000   10.9000
12650.4765  400.0000   79.0000   11.8000
 114  63.7  -68.6  6 BURTON BAY BAF.       
 4544.6891  200.0000   15.0000    2.2000
 6980.7591  200.0000   15.0000    2.2000
 7699.0798  200.0000   27.0000    4.0000
 7902.5573  200.0000   26.0000    3.9000
 8264.3893  300.0000   43.0000    6.4000
 9081.2861  300.0000   95.0000   14.2000
 115  67.4  -65.0  3 MAKTAK FIORD BAF.     
  865.6364  200.0000    5.0000    1.0000
 6112.2547  900.0000   18.0000    2.7000
 7234.6788  200.0000   19.0000    2.8000
 116  67.5  -64.0  2 BROUGHTON IS. BAF.    
 6112.2547  500.0000   27.0000    4.0000
11400.6079  300.0000    3.0000    1.0000
 117  67.7  -65.4  5 NARPAING FIORD BAF.   
  533.4685  200.0000    1.0000    1.0000
 3799.0000  200.0000    4.0000    1.0000
 5621.2352  200.0000   11.0000    1.6000
 7699.0798  200.0000   18.0000    2.7000
 8857.1391  300.0000   47.0000    7.0000
 118  68.0  -66.0  2 OKOA FIORD BAF.       
 5521.4264  200.0000    9.0000    1.3000
 9317.4934  300.0000   49.0000    7.3000
 119  67.5  -66.0  2 NEOLUKSEAK FIORD BAF. 
 5521.4264  200.0000    8.0000    3.0000
 8737.7477  300.0000   40.0000    5.9000
 120  69.0  -68.7  4 HOME BAY BAF.         
 3916.7481  200.0000    5.0000    2.0000
 6980.7591  200.0000   24.0000    4.0000
 9193.3596  300.0000   75.0000   11.2000
 9317.4934  300.0000   75.0000   11.2000
 121  70.0  -68.0  4 INUGSUIN FIORD BAF.   
 6860.0804  200.0000    8.0000    4.0000
 7818.8277  200.0000   13.0000    4.0000
 8857.1391  300.0000   21.0000    4.0000
10150.7392  300.0000   28.0000    4.2000
 122  70.0  -71.5  6 SAM FORD FIORD BAF.   
 3153.6864  200.0000    7.0000    2.0000
 4387.7405  200.0000   12.0000    2.0000
 5721.0440  200.0000   19.0000    3.0000
 6860.0804  200.0000   28.0000    4.2000
 7818.8277  200.0000   41.0000    6.1000
 8857.1391  300.0000   60.0000    8.9000
 123  71.4  -74.6  3 CAMBRIDGE FIORD BAF.  
 8083.4733  200.0000   21.0000    3.1000
 8615.7850  300.0000   73.0000   10.9000
 8969.2126  300.0000   26.0000    3.9000
 124  72.3  -79.0  7 TAY SOUND BAF.        
 2020.9752  200.0000    3.0000    3.0000
 3153.6864  200.0000    6.0000    4.0000
 4387.7405  200.0000   15.0000    6.0000
 5721.0440  200.0000   30.0000    9.0000
 6860.0804  200.0000   45.0000   12.0000
 7818.8277  200.0000   63.0000   12.0000
 8857.1391  300.0000   87.0000   15.0000
 125  72.0  -80.0  6 MILNE INLET BAF.      
 3153.6864  200.0000   14.0000    5.0000
 4387.7405  200.0000   23.0000    7.0000
 5721.0440  200.0000   36.0000    7.0000
 6860.0804  200.0000   52.0000    7.7000
 7818.8277  200.0000   66.0000    9.8000
 8857.1391  300.0000   83.0000   12.4000
 126  69.0  -74.0  6 BAIRD PEN. BAF.       
 2020.9752  200.0000    8.0000    2.0000
 3153.6864  200.0000   16.0000    2.4000
 4387.7405  200.0000   27.0000    4.0000
 5721.0440  200.0000   44.0000    6.5000
 6860.0804  200.0000   69.0000   10.3000
 7818.8277  200.0000  109.0000   16.3000
 127  69.0  -75.5  6 IPIK BAY BAF.         
  969.9618  200.0000    3.0000    2.0000
 2020.9752  200.0000    8.0000    2.0000
 3153.6864  200.0000   14.0000    4.0000
 4387.7405  200.0000   23.0000    5.0000
 5721.0440  200.0000   43.0000   10.0000
 6860.0804  200.0000   73.0000   11.0000
 128  70.9  -86.7  3 AGU BAY BAF.          
 7993.0153  200.0000   90.0000   13.4000
 8493.8224  300.0000   98.0000   14.6000
 9872.9906  300.0000  121.0000   18.1000
 129  71.0  -85.0  4 BRODEUR PEN. BAF.     
  865.6364  200.0000    3.0000    1.0000
 7818.8277  200.0000   93.0000   13.9000
 8371.8598  300.0000   90.0000   13.4000
 9734.1163  300.0000  122.0000   18.2000
 130  69.5  -82.0  5 N. MELVILLE PEN.      
  533.4685  200.0000    4.0000    1.0000
 1051.6061  200.0000    7.0000    1.0000
 3035.7132  200.0000   20.0000    3.0000
 4387.7405  200.0000   24.0000    3.6000
 8857.1391  300.0000  168.0000   25.1000
 131  69.0  -82.0  7 IGLOOLIK IS. NWT.     
  969.9618  200.0000    6.0000    2.0000
 2020.9752  200.0000   14.0000    3.0000
 3153.6864  200.0000   24.0000    5.0000
 4387.7405  200.0000   36.0000    6.0000
 5721.0440  200.0000   53.0000   13.0000
 6860.0804  200.0000   80.0000   20.0000
 7818.8277  200.0000  135.0000   20.2000
 132  69.0  -92.0  5 BOOTHIA PEN. NWT.     
 4387.7405  200.0000   22.0000    3.3000
 5721.0440  200.0000   29.0000    4.3000
 6860.0804  200.0000   40.0000    5.9000
 7818.8277  200.0000   52.0000    8.0000
 8857.1391  300.0000  100.0000   25.0000
 133  67.5 -107.0  8 BATHURST INLET NWT.   
  969.9618  200.0000    1.0000    2.0000
 2020.9752  200.0000    8.0000    5.0000
 3153.6864  200.0000   16.0000    5.0000
 4387.7405  200.0000   27.0000    7.0000
 5721.0440  200.0000   44.0000   11.0000
 6860.0804  200.0000   65.0000   13.0000
 7818.8277  200.0000   95.0000   15.0000
 8857.1391  300.0000  145.0000   25.0000
 134  70.0 -133.0  4 TUKTOYAKTUK PEN. NWT. 
 4034.4962  200.0000  -20.5000    3.0000
 7579.3319  200.0000  -29.6000    4.4000
 8493.8224  300.0000  -41.7000    6.2000
 9872.9906  300.0000  -41.9000    6.2000
 135  72.8  -93.6  6 S. SOMERSET IS.       
 4387.7405  200.0000   18.0000    3.0000
 5721.0440  200.0000   22.0000    5.0000
 6860.0804  200.0000   30.0000    5.0000
 7818.8277  200.0000   36.0000    6.0000
 8857.1391  300.0000   47.0000    7.0000
10150.7392  300.0000   90.0000   23.0000
 136  74.0  -93.7  9 N. SOMERSET IS.       
  969.9618  200.0000    3.0000    2.0000
 2020.9752  200.0000    6.0000    2.0000
 3153.6864  200.0000    9.0000    3.0000
 4387.7405  200.0000   12.0000    4.0000
 5721.0440  200.0000   17.0000    5.0000
 6860.0804  200.0000   22.0000    6.0000
 7818.8277  200.0000   28.0000    7.0000
 8857.1391  300.0000   44.0000    8.0000
10150.7392  300.0000   92.0000   20.0000
 137  73.7  -99.0  4 N. PRINCE OF WALES IS.
10845.1107  300.0000   88.0000   13.1000
11261.7336  300.0000   95.0000   14.2000
12094.9794  400.0000  120.0000   17.9000
12928.2251  400.0000  133.0000   30.0000
 138  73.0 -111.0  3 N. VICTORIA IS.       
11400.6079  300.0000   41.0000    6.1000
13298.7227  400.0000   82.0000   12.2000
13659.4835  400.0000  105.0000   15.7000
 139  75.0 -109.0  6 S. MELVILLE IS.       
  533.4685  200.0000    1.6000    1.0000
 1133.2505  200.0000    1.8000    1.0000
 1636.9475  200.0000    1.8000    1.0000
10845.1107  300.0000   38.0000    5.6000
12233.8537  400.0000   60.0000    8.9000
13388.9129  400.0000   80.0000   11.9000
 140  76.0 -100.0  6 BATHURST IS.          
 4387.7405  200.0000   27.0000    8.0000
 5721.0440  200.0000   38.0000   12.0000
 6860.0804  200.0000   50.0000   16.0000
 7818.8277  200.0000   65.0000   18.0000
 8857.1391  300.0000   80.0000   20.0000
10150.7392  300.0000  120.0000   30.0000
 141  75.0  -95.0  6 CORNWALLIS IS.        
 4387.7405  200.0000   21.0000    6.0000
 5721.0440  200.0000   27.0000    7.0000
 6860.0804  200.0000   35.0000    8.0000
 7818.8277  200.0000   48.0000    9.0000
 8857.1391  300.0000   70.0000   13.0000
10150.7392  300.0000  110.0000   30.0000
 142  76.0  -90.0  1 BOAT PT. DEV.         
 5979.3107  200.0000   26.5000    3.9000
 143  75.6  -84.6  4 TRUELOVE INLET DEV.   
 2455.3263  200.0000    3.0000    1.0000
 3035.7132  200.0000    4.0000    1.0000
 5979.3107  200.0000   12.0000    1.8000
 8969.2126  300.0000   43.0000    6.4000
 144  76.5  -88.0  8 C. STORM ELL.         
  969.9618  200.0000    3.0000    1.0000
 2020.9752  200.0000    6.0000    1.0000
 3153.6864  200.0000   10.0000    1.5000
 4387.7405  200.0000   13.5000    2.0000
 5721.0440  200.0000   21.0000    3.1000
 6860.0804  200.0000   30.0000    4.5000
 7818.8277  200.0000   40.0000    5.9000
 8857.1391  300.0000   59.0000    8.8000
 145  76.5  -84.0  7 S. CAPE FIORD ELL.    
 2020.9752  200.0000    4.5000    1.0000
 3153.6864  200.0000    8.0000    1.5000
 4387.7405  200.0000   13.5000    2.0000
 5721.0440  200.0000   20.0000    3.0000
 6860.0804  200.0000   25.5000    3.8000
 7818.8277  200.0000   38.0000    5.6000
 8857.1391  300.0000   57.0000    8.5000
 146  78.5  -86.0  8 BAY FIORD ELL.        
  969.9618  200.0000    2.0000    1.0000
 2020.9752  200.0000    5.5000    2.0000
 3153.6864  200.0000   12.0000    3.0000
 4387.7405  200.0000   17.0000    4.0000
 5721.0440  200.0000   27.0000    5.0000
 6860.0804  200.0000   36.0000    8.0000
 7818.8277  200.0000   55.0000    8.2000
 8857.1391  300.0000   88.0000   13.1000
 147  80.0  -88.0  9 E. AXEL HEIBERG IS.   
  969.9618  200.0000    5.0000    2.0000
 2020.9752  200.0000   11.0000    3.0000
 3153.6864  200.0000   18.0000    5.0000
 4387.7405  200.0000   24.0000    6.0000
 5721.0440  200.0000   35.0000    7.0000
 6860.0804  200.0000   45.0000    7.0000
 7818.8277  200.0000   61.0000    9.1000
 8857.1391  300.0000   93.0000   13.9000
10150.7392  300.0000  140.0000   30.0000
 148  81.0  -78.0  4 TANQUARY FIORD ELL.   
 4714.0168  200.0000    9.0000    1.3000
 6561.1294  200.0000   13.0000    2.0000
 7234.6788  200.0000   25.0000    5.0000
 7699.0798  200.0000   56.0000    8.3000
 149  81.2  -69.0  3 ARCHER FIORD ELL.     
 6361.8287  200.0000   50.0000    7.4000
 7758.9538  200.0000   88.0000   13.1000
12928.2251  400.0000   98.0000   14.6000
 150  81.5  -65.5  2 C. BAIRD ELL.         
 8173.9313  200.0000  102.0000   15.2000
12650.4765  400.0000  110.0000   16.4000
 151  81.7  -66.0  7 DISCOVERY HARBOUR ELL.
 4269.9924  300.0000   20.0000    3.0000
 5321.8088  200.0000   61.0000    9.1000
 7488.5985  200.0000   72.0000   10.7000
 7699.0798  200.0000   78.0000   11.6000
 7818.8277  300.0000   72.0000   10.7000
 8173.9313  200.0000   81.0000   12.1000
 8615.7850  300.0000  103.0000   15.4000
 152  82.5  -63.0  5 ALERT ELL.            
  969.9618  200.0000    2.0000    1.0000
 2020.9752  200.0000    5.5000    1.0000
 5421.6176  200.0000   23.0000    3.4000
 6245.1986  200.0000   35.0000    5.2000
 7818.8277  200.0000   65.0000   10.0000
 153  82.6  -68.0  7 CLEM. MARKHAM INLET EL
 2238.1508  200.0000    6.0000    1.0000
 4714.0168  200.0000   21.0000    3.1000
 5321.8088  200.0000   22.5000    3.3000
 7361.6386  200.0000   43.0000    6.4000
 7639.2059  200.0000   59.0000    8.8000
 8615.7850  300.0000   72.0000   10.7000
 9456.3677  300.0000   93.0000   13.9000
 154  83.1  -74.0  4 WARD HUNT IS. ELL.    
 5421.6176  200.0000    7.0000    3.0000
 6860.0804  200.0000   12.0000    3.0000
 7818.8277  200.0000   42.0000   10.0000
 8615.7850  300.0000   64.0000   12.0000
 155  82.6  -72.8 10 THORES R. ELL.        
 4387.7405  200.0000    2.0000    5.0000
 6561.1294  200.0000   21.0000   15.0000
 7488.5985  200.0000   23.0000   15.0000
 7758.9538  200.0000    6.0000   10.0000
 7902.5573  200.0000   32.0000   15.0000
 8083.4733  200.0000   33.0000   15.0000
 8615.7850  300.0000   66.0000   10.0000
 8857.1391  300.0000   66.0000   10.0000
 9081.2861  300.0000   66.0000   10.0000
11678.3565  400.0000   66.0000   10.0000
 156  82.8  -73.8  5 DISRAELI FIORD ELL.   
 5621.2352  200.0000   15.0000    3.0000
 6245.1986  200.0000    7.0000    3.0000
 7488.5985  200.0000   19.0000    7.0000
 8969.2126  300.0000   45.0000   20.0000
 9872.9906  300.0000   46.0000   20.0000
 157  83.0  -75.7  1 RAMBOW HILL ELL.      
 6860.0804  200.0000   33.0000    4.9000
 158  82.6  -75.7  2 M'CLINTOCK INLET ELL. 
 8615.7850  300.0000   36.0000   10.0000
10011.8649  300.0000   84.0000   12.5000
 159  82.0  -85.0  6 PHILLIPS INLET ELL.   
 4883.3445  200.0000    9.0000    1.3000
 7902.5573  200.0000   58.0000   15.0000
 8264.3893  300.0000   55.0000   15.0000
 8615.7850  300.0000   54.0000   15.0000
 8857.1391  300.0000   54.0000   15.0000
 9193.3596  300.0000   67.0000   20.0000
 160  81.6  -60.2  6 HALL LAND GRL.        
 5421.6176  200.0000   10.0000    1.4000
 8173.9313  200.0000  102.0000   15.2000
 9081.2861  300.0000   56.0000    8.3000
 9595.2420  300.0000   82.0000   12.2000
10150.7392  300.0000  105.0000   15.7000
10983.9850  300.0000  110.0000   16.4000
 161  76.8  -73.0  2 CAREY IS. GRL.        
 3669.3782  200.0000    1.5000    1.0000
 8737.7477  300.0000   20.0000    3.0000
 162  68.5  -51.5  4 DISKO BAY GRL.        
 7902.5573  200.0000   40.0000   10.0000
 8493.8224  300.0000   52.0000   14.0000
 8737.7477  300.0000   40.0000   17.0000
10011.8649  300.0000   70.0000   26.0000
 163  67.0  -50.2  9 SONDRE STOMFJORD GRL. 
 6461.4790  200.0000    5.0000    1.0000
 6660.7797  200.0000   11.0000    1.6000
 7579.3319  200.0000   20.0000    3.0000
 7993.0153  200.0000   42.0000    6.2000
 8493.8224  300.0000   59.0000    8.8000
 9193.3596  300.0000   95.0000   14.2000
 9317.4934  300.0000   92.0000   13.7000
 9595.2420  300.0000  105.0000   15.7000
 9734.1163  300.0000  115.0000   17.2000
 164  64.5  -50.5  2 KAPISIGDLIT GRL.      
 4883.3445  200.0000    8.0000    1.1000
 8371.8598  300.0000   40.0000   14.0000
 165  61.0  -46.7  1 JULIANEHAAB GRL.      
 8857.1391  300.0000    3.5000    1.0000
 166  72.0  -26.0  4 SKELDAL GRL.          
 6561.1294  600.0000    4.0000    1.0000
 7758.9538  600.0000   21.0000    6.0000
 8615.7850  600.0000   36.0000    5.3000
 9872.9906  600.0000   59.0000    8.8000
 167  72.0  -24.0  6 MESTERS VIG GRL.      
  644.1911  600.0000    3.0000    1.0000
 3153.6864  600.0000    4.0000    1.0000
 6461.4790  600.0000    4.0000    1.0000
 7758.9538  600.0000    8.5000    1.2000
 8264.3893  600.0000   20.0000    3.0000
 8857.1391  600.0000   29.0000    4.3000
 168  80.1  -20.7  4 K. FREDERICK VIII LAND
 3669.3782  200.0000    7.0000    1.0000
 5721.0440  200.0000   21.0000    3.1000
 7699.0798  200.0000   41.0000    6.1000
 8264.3893  300.0000   67.0000   10.0000
 169  82.0  -31.0  5 J. BRONLUND FJORD GRL.
 3539.7563  200.0000   13.0000    1.9000
 4544.6891  200.0000   14.0000    2.1000
 5222.0000  200.0000   21.0000    3.1000
 6760.4301  600.0000   65.0000    9.7000
 9595.2420  300.0000   80.0000   11.9000
 201  69.0   35.0  1 KOLA BAY USSR.        
10845.1107  300.0000   57.0000    8.5000
 202  70.0   29.0  8 VARANGER FJORD NOR.   
  969.9618  200.0000    5.0000    1.0000
 2020.9752  200.0000   10.0000    1.4000
 3153.6864  200.0000   15.0000    2.2000
 4387.7405  200.0000   21.0000    3.1000
 5721.0440  200.0000   28.0000    4.2000
 6860.0804  200.0000   34.0000    5.0000
 7818.8277  200.0000   37.0000    5.5000
 8857.1391  300.0000   37.0000    5.5000
 203  71.0   24.0  5 INGOY NOR.            
 3153.6864  200.0000    9.0000    1.3000
 4387.7405  200.0000   13.0000    1.9000
 5721.0440  200.0000   19.0000    2.8000
 6860.0804  200.0000   24.0000    3.6000
 7818.8277  200.0000   30.0000    4.5000
 204  70.0   21.0  5 SKJAEAFASSEN NOR.     
 3153.6864  200.0000    5.0000    1.0000
 4387.7405  200.0000    6.0000    1.0000
 5721.0440  200.0000    8.0000    1.1000
 6860.0804  200.0000    5.0000    1.0000
 7818.8277  200.0000    4.0000    1.0000
 205  69.5   18.0  6 KVALVIKA NOR.         
 3153.6864  200.0000    6.0000    1.0000
 4387.7405  200.0000    8.0000    1.1000
 5721.0440  200.0000   13.0000    1.9000
 6860.0804  200.0000   14.0000    2.1000
 7818.8277  200.0000   14.0000    2.1000
13118.3423  400.0000   60.0000    8.9000
 206  69.1   16.0  8 AND FJORD NOR.        
 2238.1508  200.0000    2.7000    1.0000
 2799.7667  200.0000    3.7000    1.0000
 3280.5126  200.0000    4.7000    1.0000
 3669.3782  200.0000    3.3000    1.0000
 6980.7591  200.0000    4.1000    1.0000
13298.7227  400.0000   73.0000   10.9000
13569.2933  400.0000   73.0000   10.9000
14883.6501  500.0000   78.0000   11.6000
 207  63.8   11.0  8 VERDALSOYA NOR.       
 1766.5693  200.0000   10.0000    1.4000
 4269.9924  200.0000   25.0000    3.7000
 6860.0804  200.0000   50.0000    7.4000
 8173.9313  200.0000   64.0000    9.5000
 8969.2126  300.0000   68.0000   10.1000
 9872.9906  300.0000   86.0000   12.8000
10150.7392  300.0000  113.0000   16.9000
11400.6079  300.0000  172.0000   25.8000
 208  63.6   10.6  9 FROSTA NOR.           
 4387.7405  200.0000   26.0000    3.9000
 6860.0804  200.0000   43.0000    6.4000
 9193.3596  300.0000   72.0000   10.7000
 9734.1163  300.0000   91.0000   13.6000
10983.9850  300.0000  109.0000   16.3000
11122.8593  300.0000  119.0000   17.8000
11261.7336  300.0000  142.0000   21.2000
11956.1051  400.0000  156.0000   23.3000
12372.7280  400.0000  170.0000   25.4000
 209  63.7    9.6 12 BJUGN NOR.            
 2563.9141  200.0000    9.0000    1.3000
 4387.7405  200.0000   17.0000    2.5000
 5521.4264  200.0000   22.0000    3.3000
 5979.3107  200.0000   27.0000    4.0000
 6980.7591  200.0000   32.0000    4.8000
 9872.9906  300.0000   43.0000    6.4000
10428.4878  300.0000   52.0000    7.7000
10706.2364  300.0000   63.0000    9.4000
11122.8593  300.0000   92.0000   13.7000
11400.6079  300.0000   10.4000    1.5000
12094.9794  400.0000  116.0000   17.3000
13298.7227  400.0000  118.0000   17.6000
 210  63.6    8.5  5 FROYA NOR.            
 5621.2352  200.0000   15.0000    2.2000
 6112.2547  200.0000   14.0000    2.1000
10428.4878  300.0000   28.0000    4.2000
11122.8593  300.0000   39.0000    5.8000
11956.1051  400.0000   44.0000    6.5000
 211  63.4    8.8  6 HITRA NOR.            
 5979.3107  200.0000   18.0000    2.7000
11122.8593  300.0000   61.0000    9.1000
11261.7336  300.0000   41.0000    6.1000
11400.6079  300.0000   76.0000   11.3000
13962.9803  400.0000   97.0000   14.5000
14617.1798  500.0000   97.0000   14.5000
 212  62.8    8.2  2 TINGVOLL NOR.         
12372.7280  400.0000   90.0000   13.4000
13659.4835  400.0000  113.0000   16.9000
 213  62.7    6.2  2 SKULOY NOR.           
 8083.4733  200.0000    9.0000    1.3000
10845.1107  300.0000    9.0000    1.3000
 214  62.4    6.6  4 STETTE NOR.           
11817.2308  400.0000   38.0000    5.6000
12372.7280  400.0000   39.0000    5.8000
12650.4765  400.0000   42.0000    6.2000
14093.8202  700.0000   48.0000    7.1000
 215  62.3    6.2  7 SULA NOR.             
 4883.3445  200.0000    7.0000    1.0000
 8264.3893  300.0000   13.0000    1.9000
 9081.2861  300.0000    7.0000    1.0000
 9317.4934  300.0000   10.0000    1.4000
11539.4822  400.0000   26.0000    3.9000
13118.3423  400.0000   31.0000    4.6000
13659.4835  400.0000   35.0000    5.2000
 216  62.2    5.6  6 LEINOY NOR.           
12233.8537  400.0000    6.0000    1.0000
12789.3508  400.0000    6.0000    1.0000
13479.1031  400.0000    8.5000    1.2000
13962.9803  400.0000   17.0000    2.5000
14224.6601  700.0000   23.0000    3.4000
14355.5000  400.0000   19.0000    2.8000
 217  62.0    5.3  2 BORGUNDVAG NOR.       
 7107.7189  200.0000    5.0000    1.0000
 9317.4934  300.0000   -2.0000    1.0000
 218  61.1    6.0  1 SOGNE FJORD NOR.      
11956.1051  400.0000   20.0000    3.0000
 219  60.8    5.0  9 FONNES NOR.           
  969.9618  200.0000    1.0000    1.0000
 2020.9752  200.0000    2.0000    1.0000
 3153.6864  200.0000    5.0000    1.0000
 4387.7405  200.0000    7.0000    1.0000
 5721.0440  200.0000    9.0000    1.3000
 6860.0804  200.0000   10.0000    1.4000
 7818.8277  200.0000   14.0000    2.1000
 8857.1391  300.0000    8.0000    1.1000
10150.7392  300.0000    5.0000    1.0000
 220  60.2    5.0  4 BERGEN NOR.           
 8173.9313  200.0000   11.4000    1.7000
11400.6079  300.0000   23.6000    3.5000
11956.1051  400.0000   32.3000    4.8000
12789.3508  400.0000   38.2000    5.7000
 221  59.0    5.5  7 JAEREN NOR.           
  969.9618  500.0000    1.0000    1.0000
 2020.9752  500.0000    1.0000    1.0000
 3153.6864  500.0000    2.0000    1.0000
 4387.7405  500.0000    4.0000    1.0000
 8857.1391  500.0000    4.0000    1.0000
10150.7392  500.0000    1.0000    1.0000
11539.4822  500.0000    5.0000    1.0000
 222  58.0    6.7  9 LISTA NOR.            
  969.9618  200.0000    1.0000    1.0000
 2020.9752  200.0000    2.0000    1.0000
 3153.6864  200.0000    3.0000    1.0000
 4387.7405  200.0000    7.0000    1.0000
 5721.0440  200.0000    3.0000    1.0000
 6860.0804  200.0000    3.0000    1.0000
 7818.8277  200.0000    2.0000    1.0000
 8857.1391  300.0000   -8.0000    1.1000
10150.7392  300.0000  -11.0000    1.6000
 223  58.0    7.7  2 MANDAL NOR.           
 3280.5126  200.0000    4.0000    1.0000
 7699.0798  200.0000    8.0000    1.1000
 224  60.0   10.9  4 OSLO NOR.             
 2563.9141  200.0000    9.0000    1.3000
 5721.0440  200.0000   26.0000    3.9000
 9081.2861  300.0000   75.0000   11.2000
10845.1107  300.0000  142.0000   21.2000
 225  59.5   11.0  4 S. OSTFOLD NOR.       
 2563.9141  200.0000    8.0000    1.1000
 5721.0440  200.0000   20.0000    3.0000
 9081.2861  300.0000   60.0000    8.9000
10845.1107  300.0000  115.0000   17.2000
 226  58.6   11.2  8 FJALLBACKA SWE.       
  969.9618  200.0000    6.0000    1.0000
 2020.9752  200.0000   10.0000    1.4000
 3153.6864  200.0000   17.0000    2.5000
 4387.7405  200.0000   23.0000    3.4000
 5721.0440  200.0000   30.0000    4.5000
 6860.0804  200.0000   38.0000    5.6000
 7818.8277  200.0000   47.0000    7.0000
 8857.1391  300.0000   57.0000    8.5000
 227  57.7   11.7  9 GOTEBORG SWE.         
  969.9618  200.0000    1.0000    1.0000
 2020.9752  200.0000    6.0000    1.0000
 3153.6864  200.0000    9.0000    1.3000
 4387.7405  200.0000   13.0000    1.9000
 5721.0440  200.0000   17.0000    2.5000
 6860.0804  200.0000   23.0000    3.4000
 7818.8277  200.0000   24.0000    3.6000
 8857.1391  300.0000   18.0000    2.7000
10150.7392  300.0000   19.0000    2.8000
 228  57.3   12.0  9 ONSALA SWE.           
  969.9618  200.0000    1.0000    1.0000
 2020.9752  200.0000    4.0000    1.0000
 3153.6864  200.0000    7.0000    1.0000
 4387.7405  200.0000   10.0000    1.4000
 5721.0440  200.0000    9.0000    1.3000
 6860.0804  200.0000   16.0000    2.4000
 7818.8277  200.0000   19.0000    2.8000
 8857.1391  300.0000   15.0000    2.2000
10150.7392  300.0000    8.0000    1.1000
 229  56.5   13.0  7 SOBORG SWE.           
  969.9618  200.0000    0.5000    1.0000
 2020.9752  200.0000    1.2000    1.0000
 3153.6864  200.0000    2.0000    1.0000
 4387.7405  200.0000    2.6000    1.0000
 5721.0440  200.0000    3.2000    1.0000
 6860.0804  200.0000    4.0000    1.0000
 7818.8277  200.0000    2.6000    1.0000
 230  55.6   12.9  2 TRELLEBORG SWE.       
 8737.7477  300.0000   -5.5000    1.0000
 8969.2126  300.0000   -3.7000    1.0000
 231  56.2   16.0  9 E. BLEKINGE SWE.      
  969.9618  200.0000    4.0000    1.0000
 2020.9752  200.0000    5.0000    1.0000
 3153.6864  200.0000    6.0000    1.0000
 4387.7405  200.0000    5.0000    1.0000
 5721.0440  200.0000    5.0000    1.0000
 6860.0804  200.0000   -1.0000    1.0000
 7818.8277  200.0000   -2.0000    1.0000
 8264.3893  300.0000   -1.3000    1.0000
 8857.1391  300.0000   -3.0000    1.0000
 232  59.3   18.2  5 STOCKHOLM SWE.        
 1896.1912  200.0000    5.0000    1.0000
 4714.0168  200.0000   22.0000    3.3000
 5721.0440  200.0000   36.0000    5.3000
 5979.3107  200.0000   41.0000    6.1000
 7107.7189  200.0000   55.0000    8.2000
 233  63.0   18.0  7 ANGERMANLAND SWE.     
  969.9618  200.0000   11.0000    1.6000
 2020.9752  200.0000   26.0000    3.9000
 3153.6864  200.0000   40.0000    5.9000
 4387.7405  200.0000   57.0000    8.5000
 5721.0440  200.0000   78.0000   11.6000
 6860.0804  200.0000   97.0000   14.5000
 7818.8277  200.0000  125.0000   18.7000
 234  62.3   21.4  9 KRISTIINANKAUPUNKI FIN
  969.9618  200.0000   17.0000    2.5000
 2020.9752  200.0000   30.0000    4.5000
 3153.6864  200.0000   43.0000    6.4000
 4387.7405  200.0000   56.0000    8.3000
 5721.0440  200.0000   66.0000    9.8000
 6860.0804  200.0000   73.0000   10.9000
 7818.8277  200.0000   82.0000   12.2000
 8857.1391  300.0000  122.0000   18.2000
10150.7392  300.0000  180.0000   27.0000
 235  60.2   24.9 10 HELSINKI FIN.         
  969.9618  200.0000    6.0000    1.0000
 2020.9752  200.0000   10.0000    1.4000
 3153.6864  200.0000   17.0000    2.5000
 4387.7405  200.0000   20.0000    3.0000
 5721.0440  200.0000   23.0000    3.4000
 6860.0804  200.0000   22.0000    3.3000
 7818.8277  200.0000   38.0000    5.6000
 8857.1391  300.0000   31.0000    4.6000
10150.7392  300.0000   49.0000    7.3000
11539.4822  400.0000   86.0000   12.8000
 236  59.0   27.7  1 NARVA ESTONIA         
 7818.8277  200.0000    8.5000    1.2000
 237  59.0   24.5  7 TALLINN ESTONIA       
 6860.0804  200.0000   11.0000    1.6000
 6980.7591  200.0000    6.6000    1.0000
 7902.5573  300.0000   23.0000    3.4000
 8264.3893  300.0000   12.5000    1.8000
 9317.4934  300.0000   17.0000    2.5000
10983.9850  300.0000   10.0000    1.4000
11261.7336  300.0000   10.0000    1.4000
 238  58.0   22.5  1 SAREMA ESTONIA        
 4269.9924  200.0000   11.5000    1.7000
 239  57.5   10.5 12 FREDERIKSHAVN DEN.    
 2020.9752  200.0000    0.5000    1.0000
 3153.6864  200.0000    2.0000    1.0000
 4387.7405  200.0000    6.0000    1.0000
 5721.0440  200.0000   10.0000    1.4000
 6860.0804  200.0000   13.0000    1.9000
 7818.8277  200.0000   15.0000    2.2000
13208.5325  400.0000    6.0000    5.0000
13569.2933  400.0000    7.0000    5.0000
13962.9803  400.0000   16.0000   10.0000
14355.5000  400.0000   16.0000   10.0000
16756.2860  500.0000   30.0000   10.0000
17848.6569  500.0000   12.0000   10.0000
 240  55.8   10.9  1 KALUNDBERG DEN.       
 9456.3677  300.0000  -25.2000    3.7000
 241  55.3   10.9  2 KORSOR DEN.           
 8737.7477  300.0000  -29.0000    4.3000
 9734.1163  300.0000  -29.3000    4.3000
 242  55.0   12.0  7 PRAESTO DEN.          
  969.9618  200.0000    1.0000    1.0000
 2020.9752  200.0000    1.0000    1.0000
 3153.6864  200.0000    0.0000    1.0000
 4387.7405  200.0000    0.0000    1.0000
 5721.0440  200.0000    0.0000    1.0000
 6860.0804  200.0000   -2.0000    1.0000
 7818.8277  200.0000   -6.0000    1.0000
 243  54.3   11.1  6 RODBYHAVN DEN.        
  433.0441  200.0000   -0.2000    1.0000
 1214.8948  200.0000   -0.5000    1.0000
 3410.1345  200.0000   -1.3000    1.0000
 5222.0000  200.0000   -2.4000    1.0000
 6760.4301  200.0000   -4.2000    1.0000
 8371.8598  300.0000  -12.5000    1.8000
 244  60.5   -1.0  1 SHETLAND IS. SCOT.    
 6760.4301  200.0000   -9.0000    1.3000
 245  57.4   -7.3  1 N. UIST SCOT.         
 6561.1294  200.0000   -0.7000    1.0000
 246  56.1   -5.3  3 LOCH FYNE SCOT.       
 7107.7189  200.0000    4.3000    1.0000
13569.2933  400.0000   -0.6000    1.0000
14355.5000  400.0000    0.5000    1.0000
 247  56.1   -3.8 10 FIRTH OF FORTH SCOT.  
  969.9618  200.0000    0.6000    1.0000
 2020.9752  200.0000    3.4000    1.0000
 3153.6864  200.0000    3.7000    1.0000
 4387.7405  200.0000    8.0000    1.1000
 5721.0440  200.0000   10.0000    1.4000
 6860.0804  200.0000   12.0000    1.8000
 7818.8277  200.0000   11.0000    1.6000
 8857.1391  300.0000    7.0000    1.0000
10150.7392  300.0000    5.0000    1.0000
11539.4822  400.0000    8.0000    1.1000
 248  56.0   -6.2  5 ORONSAY SCOT.         
 6760.4301  200.0000   11.0000    1.6000
 7902.5573  200.0000    1.0000    1.0000
 8173.9313  200.0000    1.0000    1.0000
 9081.2861  300.0000   11.7000    1.7000
13659.4835  400.0000   20.0000    3.0000
 249  55.9   -4.4  4 PORT GLASGOW SCOT.    
13028.1522  400.0000    2.0000    1.0000
13749.6737  400.0000    5.2000    1.0000
14224.6601  400.0000    6.1000    1.0000
15976.0210  500.0000    6.1000    1.0000
 250  55.4   -4.7  2 AYR SCOT.             
10150.7392  300.0000    1.8000    1.0000
10983.9850  300.0000    6.1000    1.0000
 251  54.9   -4.4  2 THE MACHARS SCOT.     
 2020.9752  200.0000    5.2000    1.0000
 7488.5985  200.0000    6.4000    1.0000
 252  54.7   -1.2 12 TEES R. ENG.          
  969.9618  200.0000   -2.0000    1.0000
 2020.9752  200.0000    0.0000    1.0000
 3153.6864  200.0000   -4.0000    1.0000
 4387.7405  200.0000    5.0000    1.0000
 5721.0440  200.0000   -8.0000    1.1000
 6860.0804  200.0000  -12.0000    1.8000
 7818.8277  200.0000  -15.0000    2.2000
 8857.1391  300.0000  -30.0000    4.5000
10150.7392  300.0000  -43.0000    6.4000
11539.4822  400.0000  -52.0000    7.7000
12928.2251  400.0000  -57.0000    8.5000
13839.8639  400.0000  -58.0000    8.6000
 253  53.6   -0.4  9 HUMBER R. ENG.        
 2681.7935  200.0000   -1.0000    1.0000
 2917.7400  200.0000    0.3000    1.0000
 3539.7563  200.0000    0.2000    1.0000
 3799.0000  200.0000   -3.5000    1.0000
 4269.9924  200.0000   -1.8000    1.0000
 5979.3107  200.0000   -2.5000    1.0000
 7107.7189  200.0000   -2.4000    1.0000
 7639.2059  200.0000   -9.5000    1.4000
 7818.8277  200.0000  -11.6000    1.7000
 254  54.2   -3.2  7 CUMBERLAND ENG.       
  533.4685  200.0000    3.0000    1.0000
 2238.1508  200.0000    3.0000    1.0000
 3916.7481  300.0000    2.0000    1.0000
 7107.7189  300.0000    2.0000    1.0000
 7699.0798  300.0000   -5.0000    1.0000
 8737.7477  400.0000  -10.0000    1.4000
10428.4878  400.0000  -21.0000    3.1000
 255  53.5   -3.2  8 MERSEYSIDE ENG.       
  969.9618  200.0000    1.0000    1.0000
 2020.9752  200.0000    1.0000    1.0000
 3153.6864  200.0000    0.0000    1.0000
 4387.7405  200.0000   -1.0000    1.0000
 5721.0440  200.0000   -1.0000    1.0000
 6860.0804  200.0000   -3.0000    1.0000
 7818.8277  200.0000   -7.0000    1.0000
 8857.1391  300.0000  -14.0000    2.1000
 256  53.0    0.3  2 NORFOLK ENG.          
 4269.9924  200.0000   -1.8000    1.0000
 5421.6176  200.0000   -5.0000    1.0000
 257  51.5    0.6  9 THAMES R. ENG.        
  644.1911  200.0000    0.0000    1.0000
 1214.8948  200.0000    0.0000    1.0000
 2346.7385  200.0000   -3.4000    1.0000
 4034.4962  200.0000   -6.0000    1.0000
 4883.3445  200.0000   -7.0000    1.0000
 6561.1294  300.0000  -12.0000    1.8000
 7488.5985  300.0000  -13.0000    1.9000
 8264.3893  300.0000  -16.5000    2.4000
 9193.3596  300.0000  -26.4000    3.9000
 258  51.1    1.4  2 DOVER ENG.            
11400.6079  300.0000  -36.5000    5.4000
12233.8537  400.0000  -37.0000    5.5000
 259  50.8   -1.3  2 SOUTHAMPTON ENG.      
 7234.6788  200.0000   -7.6000    1.1000
 7361.6386  200.0000   -7.3000    1.0000
 260  50.6   -2.5  2 WEYMOUTH ENG.         
 5721.0440  200.0000   -2.9000    1.0000
 6245.1986  200.0000   -3.8000    1.0000
 261  50.5   -3.5  8 TORQUAY ENG.          
 3539.7563  200.0000   -3.1000    1.0000
 4034.4962  200.0000   -1.7000    1.0000
 4387.7405  200.0000   -4.1000    1.0000
 8615.7850  300.0000  -17.0000    2.5000
 9081.2861  300.0000  -22.0000    3.3000
 9456.3677  300.0000  -29.0000    4.3000
 9872.9906  300.0000  -38.0000    5.6000
10845.1107  300.0000  -42.0000    6.2000
 262  51.2   -3.1  8 SOMERSET LEVELS ENG.  
  969.9618  200.0000   -0.6000    1.0000
 2020.9752  200.0000   -1.2000    1.0000
 3153.6864  200.0000   -1.8000    1.0000
 4387.7405  200.0000   -2.5000    1.0000
 5721.0440  200.0000   -3.5000    1.0000
 6860.0804  200.0000   -5.5000    1.0000
 7818.8277  200.0000  -10.0000    1.4000
 8857.1391  300.0000  -17.0000    2.5000
 263  51.4   -3.0  5 NEWPORT WALES         
  969.9618  200.0000   -0.5000    1.0000
 2020.9752  200.0000   -1.0000    1.0000
 3153.6864  200.0000   -2.0000    1.0000
 4387.7405  200.0000   -3.0000    1.0000
 5721.0440  200.0000   -4.0000    1.0000
 264  52.2   -4.3  2 NEW QUAY WALES        
 6860.0804  200.0000   -0.5000    1.0000
 9734.1163  300.0000  -20.5000    3.0000
 265  54.3   -5.8  8 BELFAST N. IRE.       
 2799.7667  200.0000   -0.7000    1.0000
 3669.3782  200.0000   -1.0000    1.0000
 6561.1294  200.0000    0.5000    1.0000
 7579.3319  300.0000    1.0000    1.0000
 7993.0153  200.0000    3.0000    1.0000
 8493.8224  400.0000   -1.2000    1.0000
 9081.2861  300.0000   -0.5000    1.0000
13569.2933  400.0000   -1.3000    1.0000
 266  55.3   -7.0  1 LOUGH FOYLE N. IRE.   
 7818.8277  200.0000    4.0000    1.0000
 267  53.4   -6.2  2 DUBLIN IRE.           
 5222.0000  200.0000    4.0000    1.0000
 5521.4264  200.0000    4.0000    1.0000
 268  54.7   -8.5  1 LOUGHHROS MORE BAY IRE
 7818.8277  200.0000    0.0000    1.0000
 269  52.6   -9.7  2 MOUTH OF THE SHANNON I
 4269.9924  200.0000    0.0000    1.0000
 4714.0168  200.0000    0.0000    1.0000
 270  65.5  -21.8  2 STADARHOLSKIRKJA ICELA
 3280.5126  200.0000    3.0000    1.0000
14883.6501  500.0000   20.0000    3.0000
 271  64.5  -21.8  2 AKRANES ICELAND       
13962.9803  400.0000   28.0000    4.2000
14883.6501  500.0000   33.0000    4.9000
 272  64.4  -21.8  4 REYKJAVIK ICELAND     
12094.9794  400.0000    4.0000    1.0000
13208.5325  400.0000    2.0000    1.0000
14355.5000  400.0000   25.0000    3.7000
15039.7031  500.0000    2.0000    1.0000
 273  77.4   15.0  4 HORNSUND SPITS.       
 7488.5985  200.0000   12.0000    1.8000
 8083.4733  200.0000    2.0000    1.0000
10706.2364  300.0000   10.0000    1.4000
11956.1051  400.0000   29.0000    4.3000
 274  78.2   14.0  4 KAPP LINNE SPITS.     
 5721.0440  200.0000    7.0000    1.0000
 6860.0804  200.0000    9.0000    1.3000
 7488.5985  200.0000   10.0000    1.4000
10150.7392  300.0000   24.0000    3.6000
 275  78.4   16.5  4 BILLEFJORDEN SPITS.   
 3410.1345  200.0000    4.0000    1.0000
 7488.5985  200.0000   13.0000    1.9000
10011.8649  300.0000   26.0000    3.9000
10428.4878  300.0000   55.0000    8.2000
 276  78.7   11.2  5 PRINS KARLS FORLAND SP
 7488.5985  200.0000    5.0000    1.0000
12233.8537  400.0000    3.3000    1.0000
13118.3423  400.0000   12.2000    1.8000
15819.9680  500.0000   18.4000    2.7000
16288.1270  500.0000   24.8000    3.7000
 277  78.9   11.6  8 BROGGERHALVOYA SPITS. 
 6860.0804  200.0000    5.0000    5.0000
10706.2364  300.0000    4.0000    3.0000
10845.1107  300.0000   14.0000    3.0000
11122.8593  300.0000   30.0000    4.5000
11400.6079  400.0000    8.0000    3.0000
11678.3565  400.0000   23.0000    3.4000
12928.2251  400.0000   37.0000    5.5000
13749.6737  400.0000   37.0000    5.5000
 278  79.8   16.8  4 SORGFJORDEN SPITS.    
 7488.5985  200.0000    8.7000    1.3000
 9595.2420  300.0000   30.0000    4.5000
11539.4822  400.0000   25.0000    3.7000
12789.3508  400.0000   33.0000    4.9000
 279  80.0   19.0  8 MURCHISONFJORDEN SPITS
 3153.6864  200.0000    2.0000    1.0000
 4387.7405  200.0000    3.0000    1.0000
 5721.0440  200.0000    5.0000    1.0000
 6860.0804  200.0000    7.0000    1.0000
 7488.5985  200.0000   10.0000    1.4000
 7818.8277  200.0000   10.0000    1.4000
 8857.1391  300.0000   14.0000    2.1000
10150.7392  300.0000   29.0000    4.3000
 280  78.2   20.5  6 WILHELMOYA SPITS.     
 3153.6864  200.0000    7.0000    1.0000
 4387.7405  200.0000   10.0000    1.4000
 5721.0440  200.0000   13.0000    1.9000
 6860.0804  200.0000   20.0000    3.0000
 7699.0798  200.0000   28.0000    4.2000
 7818.8277  200.0000   28.0000    4.2000
 281  78.6   22.2  2 BARENTSOYA SPITS.     
 7488.5985  200.0000   30.0000    4.5000
 9317.4934  300.0000   48.0000    7.1000
 282  79.0   28.0  7 KONG KARLS LAND SPITS.
 2020.9752  200.0000   11.0000    1.6000
 3153.6864  200.0000   16.0000    2.4000
 4387.7405  200.0000   22.0000    3.3000
 5721.0440  200.0000   27.0000    4.0000
 6860.0804  200.0000   31.0000    4.6000
 7488.5985  200.0000   34.0000    5.0000
10150.7392  300.0000   70.0000   10.4000
 283  77.3   22.6 10 EDGEOYA SPITS.        
  969.9618  200.0000    2.0000    1.0000
 2020.9752  200.0000    6.0000    1.0000
 3153.6864  200.0000   10.0000    1.4000
 4387.7405  200.0000   17.0000    2.5000
 5721.0440  200.0000   23.0000    3.4000
 6860.0804  200.0000   29.0000    4.3000
 7488.5985  200.0000   33.0000    4.9000
 7818.8277  200.0000   35.0000    5.2000
 8857.1391  300.0000   41.0000    6.1000
10150.7392  300.0000   50.0000    7.4000
 284  76.6   25.0  3 HOPEN IS. SPITS.      
 5721.0440  200.0000   22.0000    3.3000
 7488.5985  200.0000   34.0000    5.0000
10150.7392  300.0000   50.0000    7.4000
 285  80.8   48.0  2 ZEMLYA GEORGE FJL.    
 1378.1836  200.0000    5.0000    1.0000
 6361.8287  200.0000   17.5000    2.6000
 286  80.5   56.0  2 OSTROV M'CLINTOCK FJL.
 5521.4264  200.0000   10.0000    1.4000
 8264.3893  300.0000   26.0000    3.9000
 301  45.5  -76.0  3 OTTAWA ONT.           
10150.7392  300.0000   54.0000   26.0000
11539.4822  400.0000  100.0000   20.0000
12928.2251  400.0000  148.0000   22.1000
 302  45.3  -74.6  1 CORNWALL ONT.         
11400.6079  300.0000  107.0000   16.0000
 303  45.5  -74.0  5 MONTREAL QUE.         
 7818.8277  200.0000    5.0000    5.0000
 8857.1391  300.0000   37.0000   10.0000
10150.7392  300.0000   80.0000   11.9000
11539.4822  400.0000  123.0000   18.4000
12928.2251  400.0000  166.0000   25.0000
 304  48.0  -69.0  5 RIVIERE DU LOUP QUE.  
 7818.8277  200.0000   10.0000   10.0000
 8857.1391  300.0000   27.0000   15.0000
10150.7392  300.0000   50.0000   20.0000
11539.4822  400.0000   75.0000   25.0000
12928.2251  400.0000  107.0000   35.0000
 305  48.5  -68.5  6 RIMOUSKI QUE.         
 2020.9752  200.0000    3.0000    2.0000
10150.7392  300.0000   33.0000   10.0000
11539.4822  400.0000   47.0000   15.0000
12928.2251  400.0000   65.0000   20.0000
13839.8639  400.0000   98.0000   40.0000
15195.7561  500.0000  124.0000   50.0000
 306  49.0  -66.0  7 GASPE QUE.            
 6860.0804  200.0000    5.0000    1.0000
 7818.8277  200.0000    6.0000    1.0000
 8857.1391  300.0000   12.0000    1.8000
10150.7392  300.0000   18.0000    2.7000
11539.4822  400.0000   28.0000    4.2000
12928.2251  400.0000   37.0000    5.5000
13839.8639  400.0000   50.0000    7.4000
 307  50.2  -65.5  4 MOISIE QUE.           
 6860.0804  200.0000   21.0000    3.1000
 7818.8277  200.0000   31.0000    4.6000
 8857.1391  300.0000   48.0000    7.1000
10150.7392  300.0000   70.0000   10.4000
 308  50.0  -60.0  5 N. GULF OF ST. LAWRENC
 2020.9752  200.0000    9.0000    1.3000
 4387.7405  200.0000   25.0000    3.7000
 6860.0804  200.0000   43.0000    6.4000
 8857.1391  300.0000   98.0000   14.6000
11539.4822  400.0000  157.0000   23.5000
 309  51.5  -56.5 12 NW. NEWFOUNDLAND      
  969.9618  200.0000    1.0000    1.0000
 2020.9752  200.0000    2.5000    1.0000
 3153.6864  200.0000    4.0000    2.0000
 4387.7405  200.0000    6.0000    2.0000
 5721.0440  200.0000    8.0000    3.0000
 6860.0804  200.0000   13.0000    3.0000
 7818.8277  200.0000   20.0000    5.0000
 8857.1391  300.0000   30.0000    8.0000
10150.7392  300.0000   41.0000   14.0000
11539.4822  400.0000   57.0000   13.0000
12928.2251  400.0000   75.0000   15.0000
13839.8639  400.0000   98.0000   18.0000
 310  48.0  -59.0  4 ST. GEORGE'S BAY NFLD.
 4387.7405  200.0000   -4.0000    3.0000
 7818.8277  200.0000   -4.0000    4.0000
13839.8639  400.0000   26.0000    5.0000
15195.7561  500.0000   37.0000    5.5000
 311  47.0  -64.0  6 TIGNISH PEI.          
 2020.9752  200.0000   -3.0000    1.0000
 3153.6864  200.0000   -6.0000    3.0000
 8857.1391  300.0000   -8.0000   15.0000
11539.4822  400.0000    1.0000   11.0000
13839.8639  400.0000   12.0000    9.0000
15195.7561  500.0000   20.0000    9.0000
 312  46.5  -63.5  9 FRENCH R. PEI.        
  969.9618  200.0000   -3.0000    2.0000
 2020.9752  200.0000   -8.0000    3.0000
 3153.6864  200.0000  -12.0000    4.0000
 4387.7405  200.0000  -17.0000    5.0000
 5721.0440  200.0000  -21.0000    7.0000
 6860.0804  200.0000  -26.0000    9.0000
 7818.8277  200.0000  -30.0000   10.0000
 8857.1391  300.0000  -33.0000   12.0000
11539.4822  400.0000  -35.0000   13.0000
 313  46.3  -63.3  5 CHARLOTTETOWN PEI.    
  969.9618  200.0000   -1.2000    1.0000
 1378.1836  200.0000   -2.4000    1.6000
 2020.9752  200.0000   -3.2000    2.4000
 3153.6864  200.0000   -6.4000    4.0000
 4387.7405  200.0000  -10.0000    5.0000
 314  46.0  -60.0  7 CAPE BRETON IS. NS.   
 2020.9752  200.0000   -5.0000    1.0000
 4387.7405  200.0000   -8.0000    1.1000
 6860.0804  200.0000  -21.0000    3.1000
 8857.1391  300.0000  -25.0000    3.7000
11539.4822  400.0000  -29.0000    4.3000
13839.8639  400.0000  -50.0000    7.4000
16756.2860  500.0000  -67.0000   10.0000
 315  45.0  -63.0  5 CHEZZETCOOK NS.       
  969.9618  200.0000   -2.0000    1.0000
 2020.9752  200.0000   -8.0000    1.1000
 3916.7481  200.0000   -9.0000    1.3000
 5846.3668  200.0000  -12.0000    1.8000
 7639.2059  200.0000  -13.0000    1.9000
 316  44.7  -63.7  7 HALIFAX NS.           
 2020.9752  200.0000   -5.0000    1.0000
 4387.7405  200.0000   -8.0000    1.1000
 6860.0804  200.0000  -21.0000    3.1000
 8857.1391  300.0000  -25.0000    3.7000
11539.4822  400.0000  -29.0000    4.3000
13839.8639  400.0000  -33.0000    4.9000
16756.2860  500.0000  -33.0000    4.9000
 317  44.5  -64.3  2 LUNENBURG BAY NS.     
 6660.7797  200.0000  -22.0000    3.3000
 7902.5573  200.0000  -28.0000    4.2000
 318  43.9  -66.0  4 YARMOUTH NS.          
 1296.5392  200.0000   -2.0000    1.0000
 2563.9141  200.0000   -3.3000    1.0000
 2681.7935  200.0000   -4.5000    1.0000
 2799.7667  200.0000   -5.7000    1.0000
 319  45.0  -65.0  9 BAY OF FUNDY NS.      
 1214.8948  200.0000   -2.3000    1.0000
 2563.9141  200.0000   -4.0000    1.0000
 3280.5126  200.0000   -6.0000    1.0000
 3916.7481  200.0000   -8.5000    1.2000
 5721.0440  200.0000  -13.0000    2.5000
 6860.0804  200.0000  -15.0000    2.5000
12928.2251  400.0000  -14.0000    6.0000
13839.8639  400.0000    5.0000    9.0000
15195.7561  500.0000   29.0000   11.0000
 320  45.3  -66.0  7 ST. JOHN NB.          
 2020.9752  200.0000   -5.0000    1.0000
 4387.7405  200.0000   -8.0000    1.1000
 6860.0804  200.0000  -17.0000    2.5000
 8857.1391  300.0000  -13.0000    1.9000
11539.4822  400.0000   -4.0000    1.0000
13839.8639  400.0000   17.0000    2.5000
16756.2860  500.0000   75.0000   11.2000
 321  44.5  -67.7 13 ADDISON ME.           
  754.9138  200.0000   -0.4000    1.0000
 1896.1912  200.0000   -1.4000    1.0000
 3410.1345  200.0000   -3.0000    1.0000
 4544.6891  200.0000   -4.0000    1.0000
10845.1107  900.0000  -65.0000    9.7000
12233.8537  500.0000  -53.0000    7.9000
13569.2933  500.0000   27.0000   15.0000
15195.7561  500.0000   72.0000   10.7000
  969.9618  200.0000   -2.0000    1.5000
 2020.9752  200.0000   -3.5000    2.0000
 3153.6864  200.0000   -4.0000    2.0000
 4387.7405  200.0000   -4.5000    1.5000
13839.8639  400.0000   60.0000   40.0000
 322  43.1  -70.7  9 ISLES OF SHOALS NH.   
  969.9618  200.0000   -0.7000    1.0000
 2020.9752  200.0000   -1.5000    1.0000
 3153.6864  200.0000   -3.0000    1.5000
 4387.7405  200.0000   -4.5000    1.5000
 5721.0440  200.0000   -7.0000    2.0000
 6860.0804  200.0000   -9.0000    2.0000
 7818.8277  200.0000  -12.0000    2.0000
12650.4765  400.0000  -31.0000    4.6000
13962.9803  400.0000  -31.0000    4.6000
 323  42.8  -70.8  8 BOSTON MA.            
 2563.9141  200.0000   -1.6000    1.0000
 3669.3782  200.0000   -3.0000    1.0000
 4034.4962  200.0000   -4.0000    1.0000
 4714.0168  200.0000   -4.9000    1.0000
 5621.2352  200.0000   -7.6000    1.1000
 7234.6788  200.0000  -12.5000    1.8000
12928.2251  400.0000   -8.0000    3.0000
13839.8639  400.0000   -3.0000    3.0000
 324  41.7  -70.3  4 BARNSTABLE MA.        
  969.9618  200.0000   -1.0000    1.0000
 2020.9752  200.0000   -2.4000    1.0000
 3153.6864  200.0000   -5.0000    1.0000
 4387.7405  200.0000   -7.2000    1.0000
 325  41.3  -70.0  5 PLUM IS. MA.          
 2799.7667  200.0000   -1.6000    1.0000
 4714.0168  200.0000   -3.3000    1.0000
 5979.3107  200.0000   -5.0000    1.0000
 7107.7189  200.0000   -7.6000    1.1000
 9081.2861  300.0000  -13.0000    1.9000
 326  41.2  -72.5  7 CLINTON CT.           
  969.9618  200.0000   -1.0000    1.0000
 2020.9752  200.0000   -2.0000    1.0000
 3153.6864  200.0000   -3.4000    1.0000
 4387.7405  200.0000   -4.7000    1.0000
 5721.0440  200.0000   -6.7000    1.0000
 6860.0804  200.0000   -8.4000    1.2000
 7818.8277  200.0000  -10.2000    1.5000
 327  41.2  -73.0  6 NEW HAVEN CT.         
 1378.1836  200.0000   -2.1000    1.0000
 3153.6864  200.0000   -3.5000    1.0000
 3916.7481  200.0000   -5.0000    1.0000
 5052.6723  200.0000   -6.6000    1.0000
 5521.4264  200.0000   -7.0000    1.0000
 6361.8287  200.0000   -8.0000    1.1000
 328  41.0  -74.0 11 NEW YORK NY.          
  253.6324  200.0000   -0.3000    1.0000
  969.9618  200.0000   -1.1000    1.0000
 1896.1912  200.0000   -2.7000    1.0000
 2346.7385  200.0000   -3.9000    1.0000
 3669.3782  200.0000   -5.1000    1.0000
 5846.3668  200.0000   -7.5000    1.1000
 6561.1294  200.0000  -13.0000    1.9000
 7361.6386  200.0000  -18.3000    2.7000
 7902.5573  200.0000  -18.0000    2.7000
 8969.2126  300.0000  -20.0000    3.0000
14355.5000  400.0000  -20.3000    3.0000
 329  41.3  -74.0  8 HUDSON R. NY.         
  969.9618  200.0000   -1.0000    1.0000
 2020.9752  200.0000   -2.4000    1.0000
 3153.6864  200.0000   -4.2000    1.0000
 4387.7405  200.0000   -6.2000    1.0000
 5721.0440  200.0000   -8.3000    1.2000
 6860.0804  200.0000  -10.5000    1.5000
 7818.8277  200.0000  -13.0000    1.9000
13839.8639  400.0000  -27.7000    5.0000
 330  40.9  -73.3  4 W. LONG ISLAND NY.    
  253.6324  200.0000   -0.7000    1.0000
 1507.3256  200.0000   -1.5000    1.0000
 2238.1508  200.0000   -4.8000    1.0000
 2563.9141  200.0000   -4.9000    1.0000
 331  41.0  -72.3  1 E. LONG ISLAND NY.    
 3916.7481  200.0000   -6.7000    1.0000
 332  40.4  -74.3  3 CHEESEQUAKE NJ.       
 1133.2505  200.0000   -2.7000    1.0000
 2020.9752  200.0000   -3.1000    1.0000
 7993.0153  200.0000  -12.0000    1.8000
 333  39.5  -74.5  6 BRIGANTINE NJ.        
  969.9618  200.0000   -1.4000    1.0000
 2020.9752  200.0000   -3.0000    1.0000
 3153.6864  200.0000   -5.2000    1.0000
 4387.7405  200.0000   -7.5000    1.1000
 5721.0440  200.0000  -10.5000    1.5000
 6860.0804  200.0000  -13.0000    1.9000
 334  39.2  -74.7  5 C. MAY NJ.            
  865.6364  200.0000   -1.4000    1.0000
 2346.7385  200.0000   -3.2000    1.0000
 2917.7400  200.0000   -4.8000    1.0000
 3669.3782  200.0000   -5.6000    1.0000
 4387.7405  200.0000   -7.5000    1.1000
 335  39.0  -75.3  8 BOWERS DE.            
  969.9618  200.0000   -0.5000    1.0000
 2020.9752  200.0000   -1.5000    1.0000
 3153.6864  200.0000   -4.5000    1.0000
 4387.7405  200.0000   -7.5000    1.5000
 5721.0440  200.0000  -10.5000    1.5000
 6860.0804  200.0000  -13.0000    1.9000
 7818.8277  200.0000  -16.5000    2.4000
 8857.1391  300.0000  -17.0000    3.0000
 336  39.0  -76.0  5 CHESTER R. MD.        
 1133.2505  200.0000   -1.9000    1.0000
 2681.7935  200.0000   -4.0000    1.0000
 3539.7563  200.0000   -5.2000    1.0000
 4034.4962  200.0000   -5.6000    1.0000
 5222.0000  200.0000  -10.9000    1.6000
 337  37.0  -76.0 15 C. CHARLES VA.        
  969.9618  200.0000    0.5000    1.0000
 2020.9752  200.0000    0.5000    1.0000
 3153.6864  200.0000   -3.0000    1.0000
 4387.7405  200.0000   -7.0000    1.5000
 5721.0440  200.0000  -10.0000    3.0000
 6860.0804  200.0000  -13.0000    3.0000
 7818.8277  200.0000  -17.0000    3.0000
 8857.1391  300.0000  -22.0000    4.0000
10150.7392  300.0000  -23.0000    4.0000
11539.4822  400.0000  -24.0000    4.0000
12928.2251  400.0000  -24.0000    4.0000
13839.8639  400.0000  -24.0000    4.0000
15195.7561  500.0000  -24.0000    4.0000
16756.2860  500.0000  -24.0000    4.0000
18301.7717  600.0000  -24.0000    4.0000
 338  37.0  -77.0  8 JAMES R. VA.          
  433.0441  200.0000   -0.9000    1.0000
  865.6364  200.0000   -1.3000    1.0000
 1214.8948  200.0000   -2.5000    1.0000
 2799.7667  200.0000   -5.0000    1.0000
 3539.7563  200.0000   -4.5000    1.0000
 5621.2352  200.0000   -7.3000    1.0000
 6660.7797  200.0000   -9.2000    1.3000
13479.1031  400.0000  -23.0000    3.4000
 339  34.0  -78.0  4 SOUTHPORT NC.         
 1296.5392  200.0000   -1.0000    1.0000
 3539.7563  200.0000   -4.0000    1.0000
 4034.4962  200.0000   -5.0000    1.0000
 6561.1294  300.0000   -8.2000    1.2000
 340  33.7  -78.7  4 MYRTLE BEACH SC.      
 3035.7132  200.0000    0.0000    1.0000
 3669.3782  200.0000   -0.6000    1.0000
 4034.4962  200.0000   -7.6000    1.1000
 6760.4301  200.0000  -10.3000    1.5000
 341  33.3  -79.3  5 C. ROYAL SC.          
 3280.5126  200.0000   -3.1000    1.0000
 4034.4962  200.0000   -3.5000    1.0000
 5222.0000  200.0000   -4.0000    1.0000
 6461.4790  200.0000   -6.7000    1.0000
 6980.7591  200.0000   -6.9000    1.0000
 342  33.0  -80.0  7 CHARLESTON SC.        
 2020.9752  200.0000   -1.0000    1.0000
 2346.7385  200.0000   -1.9000    1.0000
 2799.7667  200.0000   -2.0000    1.0000
 3280.5126  200.0000   -2.1000    1.0000
 4714.0168  200.0000   -3.2000    1.0000
 5421.6176  200.0000   -3.5000    1.0000
 5721.0440  200.0000   -4.5000    1.0000
 343  32.0  -81.0  5 SAVANNAH GA.          
  644.1911  200.0000   -0.9000    1.0000
 2129.5630  200.0000   -1.4000    1.0000
 3280.5126  200.0000   -2.5000    1.0000
 5052.6723  200.0000   -3.4000    1.0000
 6112.2547  200.0000   -4.2000    1.0000
 344  31.2  -81.5  2 DARIEN GA.            
 2917.7400  300.0000   -0.6000    1.0000
 4034.4962  300.0000   -5.2000    1.0000
 345  29.0  -81.0  4 DAYTONA FL.           
 1296.5392  200.0000   -1.5000    1.0000
 2799.7667  200.0000   -0.6000    1.0000
 4387.7405  200.0000    0.0000    1.0000
14617.1798  500.0000  -48.0000    7.1000
 346  25.2  -80.8  5 EVERGLADES FL.        
  969.9618  200.0000   -0.3000    1.0000
 2020.9752  200.0000   -0.6000    1.0000
 3153.6864  200.0000   -1.2000    1.0000
 4387.7405  200.0000   -2.2000    1.0000
 5721.0440  200.0000   -3.6000    1.0000
 347  29.9  -84.6  1 APALACHEE FL.         
 4152.2443  300.0000   -1.5000    1.0000
 348  29.6  -91.6  5 COTE BLANCHE BAY LA.  
 1636.9475  200.0000   -1.2000    1.0000
 4387.7405  200.0000   -3.0000    1.0000
 5421.6176  200.0000   -5.0000    1.0000
 7107.7189  200.0000  -10.0000    1.4000
 7993.0153  200.0000  -12.0000    1.8000
 349  28.6  -96.5  5 MATAGORDA BAY TX.     
 2238.1508  200.0000   -3.3000    1.0000
 7639.2059  200.0000  -15.3000    2.2000
 9193.3596  300.0000  -22.5000    3.3000
10706.2364  300.0000  -25.0000    3.7000
11678.3565  400.0000  -27.4000    4.1000
 350  27.5  -96.0  8 NW. GULF OF MEXICO    
 8857.1391  300.0000  -11.0000    4.0000
10150.7392  300.0000  -21.0000    6.0000
11539.4822  400.0000  -35.0000    6.0000
12928.2251  400.0000  -45.0000    7.0000
13839.8639  400.0000  -55.0000    8.2000
15195.7561  500.0000  -64.0000    9.5000
16756.2860  500.0000  -70.0000   10.4000
18301.7717  600.0000  -75.0000   11.2000
 351  24.5  -97.8  3 TAMAULIPAS MEX.       
 1896.1912  200.0000    3.0000    1.0000
 2346.7385  200.0000    2.5000    1.0000
 4152.2443  200.0000    2.5000    1.0000
 352  25.0  -77.3  2 NASSAU BAHAMAS        
  533.4685  200.0000   -0.3000    1.0000
 5521.4264  200.0000   -5.0000    1.0000
 353  22.0  -82.0  4 W. CUBA               
 1636.9475  200.0000   -5.0000    1.0000
 5421.6176  200.0000   -6.6000    1.0000
 6361.8287  200.0000   -6.0000    1.0000
 6860.0804  200.0000  -13.0000    1.9000
 354  21.2  -76.6  2 E. CUBA               
 6860.0804  200.0000  -11.0000    1.6000
 7488.5985  200.0000  -12.0000    1.8000
 355  18.3  -78.3  1 MONTEGO BAY JAMAICA   
 7234.6788  200.0000   -8.2000    1.2000
 356  18.5  -71.7  2 S. DOMINICIAN REP.    
 5521.4264  200.0000   -5.0000    1.0000
 6760.4301  200.0000   -5.0000    1.0000
 357  18.5  -66.5  4 PUERTO RICO           
 1133.2505  200.0000   -3.1000    1.0000
 2129.5630  200.0000   -2.9000    1.0000
 6561.1294  200.0000   -6.6000    1.0000
 6980.7591  200.0000   -6.3000    1.0000
 358  32.0  -65.0 10 BERMUDA               
  969.9618  200.0000   -0.5000    1.0000
 2020.9752  200.0000   -1.1000    1.0000
 3153.6864  200.0000   -2.0000    1.0000
 4387.7405  200.0000   -3.0000    1.0000
 5721.0440  200.0000   -5.5000    1.0000
 6860.0804  200.0000   -7.5000    1.5000
 7818.8277  200.0000  -11.0000    2.5000
 8857.1391  300.0000  -16.0000    3.0000
10150.7392  300.0000  -24.0000    4.0000
11539.4822  400.0000  -32.0000    4.8000
 359  35.0  -67.0  5 CONT. SHELF USA.      
 8857.1391  300.0000  -33.0000   15.0000
10150.7392  300.0000  -45.0000   20.0000
11539.4822  400.0000  -57.0000   23.0000
12928.2251  400.0000  -75.0000   25.0000
13839.8639  400.0000  -97.0000   26.0000
 401  54.0   10.6  7 LUBECK WG.            
  969.9618  200.0000   -2.0000    1.0000
 2020.9752  200.0000   -3.0000    1.0000
 3153.6864  200.0000   -4.0000    1.0000
 4387.7405  200.0000   -5.0000    1.0000
 5721.0440  200.0000   -6.0000    1.0000
 6860.0804  200.0000   -9.0000    1.3000
 7818.8277  200.0000  -15.0000    2.2000
 402  54.6   10.2  4 KEIL BAY WG.          
 3280.5126  200.0000   -1.2000    1.0000
 8615.7850  300.0000  -19.0000    2.8000
11261.7336  300.0000  -31.0000    4.6000
13749.6737  400.0000  -29.0000    4.3000
 403  54.6    8.9  7 BREDSTEDT WG.         
 1133.2505  200.0000   -3.5000    1.0000
 3669.3782  200.0000   -0.6000    1.0000
 5721.0440  300.0000   -2.0000    1.0000
 6980.7591  200.0000   -5.0000    1.0000
 7488.5985  200.0000   -9.6000    1.4000
 7902.5573  200.0000  -11.0000    1.6000
 9317.4934  300.0000   -8.1000    1.2000
 404  53.8    8.5  6 BREMERHAVEN WG.       
 2681.7935  200.0000   -2.5000    1.0000
 3410.1345  200.0000   -1.0000    1.0000
 3799.0000  200.0000   -1.3000    1.0000
 4714.0168  200.0000   -2.5000    1.0000
 5621.2352  200.0000   -2.5000    1.0000
 8615.7850  300.0000  -24.0000    3.6000
 405  53.2    7.0  5 GRONINGEN NETH.       
 3153.6864  200.0000   -0.9000    1.0000
 3669.3782  200.0000   -1.9000    1.0000
 4883.3445  200.0000   -3.0000    1.0000
 5846.3668  200.0000   -4.2000    1.0000
 7488.5985  200.0000   -6.2000    1.0000
 406  53.1    5.3  7 LEEUWARDEN NETH.      
 3153.6864  200.0000   -2.0000    1.0000
 4387.7405  200.0000   -3.0000    1.0000
 5721.0440  200.0000   -5.0000    1.0000
 6860.0804  200.0000   -7.0000    1.0000
 7818.8277  200.0000  -12.0000    1.8000
 8857.1391  300.0000  -19.0000    2.8000
10845.1107  300.0000  -23.3000    3.4000
 407  51.8    4.0 10 RHINE DELTA NETH.     
 2799.7667  200.0000   -1.2000    1.0000
 4034.4962  200.0000   -2.1000    1.0000
 4269.9924  200.0000   -2.5000    1.0000
 4714.0168  200.0000   -3.0000    1.0000
 5621.2352  200.0000   -4.0000    1.0000
 5846.3668  200.0000   -5.0000    1.0000
 5979.3107  200.0000   -5.5000    1.0000
 6561.1294  200.0000   -6.1000    1.0000
 7234.6788  200.0000   -8.0000    1.1000
 8493.8224  300.0000  -16.1000    2.4000
 408  51.1    2.8  3 OOSTENDE BEL.         
 7699.0798  200.0000   -5.2000    1.0000
 7993.0153  200.0000   -5.2000    1.0000
10428.4878  300.0000  -14.7000    2.2000
 409  49.5    0.1 10 LE HAVRE FRA.         
  969.9618  200.0000    0.0000    1.0000
 2020.9752  200.0000   -2.0000    1.0000
 3153.6864  200.0000   -7.0000    1.0000
 4387.7405  200.0000   -7.0000    1.0000
 5721.0440  200.0000   -4.0000    1.0000
 6860.0804  200.0000   -8.0000    1.1000
 7818.8277  200.0000  -14.0000    2.1000
 9193.3596  300.0000  -22.0000    3.3000
10567.3621  300.0000  -27.7000    4.1000
11261.7336  300.0000  -27.0000    4.0000
 410  48.7   -1.5  7 MONT-SAINT MICHEL FRA.
 2455.3263  200.0000   -5.0000    1.0000
 3799.0000  200.0000   -5.0000    1.0000
 5052.6723  200.0000   -5.0000    1.0000
 5621.2352  200.0000   -7.0000    1.0000
 6461.4790  200.0000   -9.0000    1.3000
 6760.4301  200.0000   -7.0000    1.0000
 7902.5573  200.0000  -10.0000    1.4000
 411  48.7   -4.4  5 BREST FRA.            
 2238.1508  200.0000    0.3000    1.0000
 3410.1345  200.0000   -0.3000    1.0000
 4269.9924  200.0000   -0.5000    1.0000
 4883.3445  300.0000    0.0000    1.0000
 5721.0440  200.0000   -1.5000    1.0000
 412  47.5   -2.5  9 VILAINE R. FRA.       
  969.9618  200.0000    1.0000    1.0000
 2020.9752  200.0000    0.0000    1.0000
 3153.6864  200.0000   -2.0000    1.0000
 4387.7405  200.0000   -3.0000    1.0000
 5721.0440  200.0000   -3.0000    1.0000
 6860.0804  200.0000   -5.0000    1.0000
 7818.8277  200.0000   -9.0000    1.3000
 8857.1391  300.0000  -20.0000    3.0000
10150.7392  300.0000  -33.0000    4.9000
 413  47.2   -2.0  4 SARTHE R. FRA.        
 3153.6864  200.0000    0.0000    1.0000
 3669.3782  200.0000   -2.0000    1.0000
 3916.7481  200.0000   -4.0000    1.0000
 6561.1294  200.0000   -8.0000    1.1000
 414  43.3   -2.0  2 SAN SEBASTIAN SP.     
 1896.1912  200.0000    2.0000    1.0000
 2238.1508  200.0000    3.0000    1.0000
 415  43.8   -8.0  1 C. ORLEGAL SP.        
12511.6023  400.0000  -80.0000   11.9000
 416  42.7    3.1  6 ROUSSILLON FRA.       
 2020.9752  200.0000    0.0000    1.0000
 4387.7405  200.0000   -2.0000    1.0000
 6860.0804  200.0000  -12.0000    1.8000
 9317.4934  300.0000  -40.0000    5.9000
12233.8537  400.0000  -60.0000    8.9000
15039.7031  500.0000  -70.0000   10.4000
 417  43.3    5.4  1 MARSEILLES FRA.       
 1766.5693  200.0000   -0.3000    1.0000
 418  42.0   12.0  1 CIVITAVECCHIA IT.     
 2129.5630  200.0000   -0.6000    1.0000
 419  41.9   15.1  1 TREMOLI IT.           
10011.8649  400.0000  -14.0000    2.1000
 420  37.4   15.2  1 CATANIA SICILY        
 6760.4301  200.0000   -8.0000    1.1000
 421  37.0   22.0  5 GULF OF MESSENIA GREEC
 2917.7400  200.0000   -3.0000    1.0000
 5621.2352  300.0000   -2.0000    1.0000
 6112.2547  200.0000   -5.2000    1.0000
 7107.7189  200.0000   -6.0000    1.0000
10011.8649  300.0000  -40.0000    5.9000
 422  37.0   27.0  4 SW. TURKEY            
  969.9618  200.0000   -0.5000    1.0000
 2020.9752  200.0000   -0.8000    1.0000
 3153.6864  200.0000   -1.2000    1.0000
 4387.7405  200.0000   -1.6000    1.0000
 423  35.0   32.8  1 CYPRUS                
 5052.6723  200.0000   -9.0000    1.3000
 424  34.5   35.8  3 BEIRUT LEBANON        
 1378.1836  200.0000    0.8000    1.0000
 2455.3263  200.0000    1.7000    1.0000
 3280.5126  200.0000    2.5000    1.0000
 425  32.5   34.9  1 JAFFA ISRAEL          
 4152.2443  200.0000   -4.0000    1.0000
 426  36.5    2.2  2 ALGIERS ALGERIA       
 3669.3782  200.0000    2.0000    1.0000
 4152.2443  200.0000    2.5000    1.0000
 501  16.9  -88.3  4 JONATHAN PT. BELIZE   
 3035.7132  200.0000   -5.2000    1.0000
 8083.4733  200.0000  -10.1000    1.5000
 9081.2861  300.0000  -15.0000    2.2000
10011.8649  300.0000   -7.3000    1.0000
 502  16.5  -87.4  1 GROVER REEF BELIZE    
 1896.1912  200.0000    1.6000    1.0000
 503   9.0  -80.0  8 E. PANAMA             
 3539.7563  200.0000   -5.5000    1.0000
 4714.0168  200.0000   -7.3000    1.0000
 5521.4264  200.0000  -12.6000    1.8000
 7107.7189  200.0000  -13.0000    1.9000
 8083.4733  200.0000  -13.1000    1.9000
 9595.2420  300.0000  -20.0000    3.0000
10983.9850  300.0000  -33.2000    4.9000
13208.5325  400.0000  -48.1000    7.2000
 504  11.0  -75.6  1 CARTAGENA COLUMBIA    
 3035.7132  200.0000    2.7000    1.0000
 505  11.8  -66.2  5 CARACAS VENEZUELA     
  343.3382  200.0000    0.3000    1.0000
  969.9618  200.0000    2.5000    1.0000
 1214.8948  200.0000    0.5000    1.0000
 4034.4962  200.0000    0.6000    1.0000
 5222.0000  200.0000    0.5000    1.0000
 506   5.8  -57.5  3 GEORGETOWN GUYANA     
 6980.7591  200.0000    2.5000    1.0000
 7488.5985  200.0000    3.5000    1.0000
 9595.2420  300.0000  -20.0000    3.0000
 507   5.9  -55.9  2 PARAMARIBO SURINAM    
 9734.1163  300.0000  -25.0000    3.7000
10428.4878  300.0000  -25.0000    3.7000
 508  -8.0  -35.0  7 RECIFE BRAZIL         
  253.6324  200.0000    0.5000    1.0000
 1133.2505  200.0000    1.0000    1.0000
 1766.5693  200.0000    1.5000    1.0000
 2346.7385  200.0000    2.0000    1.0000
 2917.7400  200.0000    2.0000    1.0000
 4152.2443  200.0000    2.2000    1.0000
 6660.7797  200.0000    1.0000    1.0000
 509 -22.0  -43.0  4 RIO DE J. BRAZIL      
  253.6324  200.0000    0.5000    1.0000
 2346.7385  200.0000    2.0000    1.0000
 4387.7405  200.0000    2.3000    1.0000
 5521.4264  200.0000    2.2000    1.0000
 510 -25.0  -48.0  6 IGUAPE BRAZIL         
  969.9618  200.0000    0.0000    1.0000
 2020.9752  200.0000    0.5000    1.0000
 3153.6864  200.0000    2.0000    1.0000
 4387.7405  200.0000    0.0000    1.0000
 5721.0440  200.0000    4.0000    1.0000
 6860.0804  200.0000    1.0000    1.0000
 511 -34.7  -58.0  4 RIO PLATA ARGENTINA   
 2917.7400  200.0000    1.7000    1.0000
 4152.2443  200.0000    1.0000    1.0000
 6112.2547  200.0000    4.5000    1.0000
 6361.8287  200.0000    4.5000    1.0000
 512 -39.6  -62.1  9 BAHIA BLANCA ARGENTINA
  343.3382  200.0000    2.5000    1.0000
 1636.9475  200.0000    5.0000    1.0000
 2238.1508  200.0000    2.5000    1.0000
 2681.7935  200.0000    2.5000    1.0000
 3280.5126  200.0000    2.5000    1.0000
 3410.1345  200.0000    2.5000    1.0000
 6112.2547  200.0000    5.0000    1.0000
 6860.0804  200.0000    5.0000    1.0000
 7758.9538  200.0000    5.0000    1.0000
 513 -53.7  -68.0  1 LA MISION ARGENTINA   
 8737.7477  300.0000   -4.3000    1.0000
 514 -54.5  -37.0  2 SOUTH GEORGIA FALKLAND
  754.9138  200.0000    0.0000    1.0000
 2455.3263  200.0000    1.5000    1.0000
 515  34.0   -6.8  4 N. MOROCCO            
  253.6324  200.0000    1.0000    1.0000
 2129.5630  200.0000    1.0000    1.0000
 6112.2547  200.0000    2.0000    1.0000
 6561.1294  200.0000    2.0000    1.0000
 516  23.2  -16.2  5 S. MOROCCO            
  969.9618  200.0000    1.0000    1.0000
 3280.5126  200.0000    1.5000    1.0000
 4387.7405  200.0000    1.0000    1.0000
 5979.3107  200.0000    2.0000    1.0000
 7107.7189  200.0000    0.7000    1.0000
 517  20.0  -17.0  3 C. BLANC MAURITANIA   
 2020.9752  200.0000    0.0000    1.0000
 4387.7405  200.0000    1.0000    1.0000
 5721.0440  200.0000    1.0000    1.0000
 518  18.0  -16.0  4 NOUAKCHATT MAURITANIA 
 3153.6864  200.0000    1.0000    1.0000
 4387.7405  200.0000   -1.0000    1.0000
 5721.0440  200.0000    2.0000    1.0000
 6860.0804  200.0000   -2.0000    1.0000
 519  16.9  -24.0  2 CAPE VERDE ISLANDS    
  644.1911  200.0000    1.0000    1.0000
 2020.9752  200.0000    3.0000    1.0000
 520  15.9  -16.5  7 ST. LOUIS SENEGAL     
 1507.3256  200.0000    0.6000    1.0000
 2020.9752  200.0000    1.0000    1.0000
 3153.6864  200.0000    0.5000    1.0000
 4387.7405  200.0000    0.0000    1.0000
 5721.0440  200.0000    0.5000    1.0000
 6860.0804  200.0000   -0.5000    1.0000
 7818.8277  200.0000   -2.0000    1.0000
 521  15.0  -17.0  5 DAKAR SENEGAL         
 2020.9752  200.0000    1.0000    1.0000
 3153.6864  200.0000    2.0000    1.0000
 4387.7405  200.0000    0.0000    1.0000
 5721.0440  200.0000    0.0000    1.0000
 6860.0804  200.0000    0.5000    1.0000
 522  13.0  -16.0  4 BANJUL GAMBIA         
 2563.9141  200.0000    0.0000    1.0000
 2799.7667  200.0000    0.0000    1.0000
 3410.1345  200.0000    0.0000    1.0000
 6461.4790  200.0000    0.5000    1.0000
 523  11.0  -15.0  4 CASAMANCE GUINEA      
  969.9618  200.0000   -0.5000    1.0000
 2020.9752  200.0000   -0.5000    1.0000
 3153.6864  200.0000   -1.0000    1.0000
 4387.7405  200.0000   -3.0000    1.0000
 524   8.5  -13.4  3 FREETOWN SIERRA LEONE 
  644.1911  200.0000    1.2000    1.0000
 1296.5392  200.0000    2.0000    1.0000
 2020.9752  200.0000    3.0000    1.0000
 525   5.1   -4.3  9 ABIDJAN IVORY COAST   
  644.1911  200.0000    1.0000    1.0000
 2020.9752  200.0000    2.0000    1.0000
 4387.7405  200.0000    1.0000    1.0000
 6860.0804  200.0000   -3.0000    1.0000
 8857.1391  300.0000  -11.0000    1.6000
11539.4822  400.0000  -42.0000    6.2000
13839.8639  400.0000  -64.0000    9.5000
16600.2330  500.0000  -89.0000   13.3000
17848.6569  500.0000  -82.0000   12.2000
 526   5.5    0.2  6 ACCRA GHANA           
 1507.3256  200.0000    2.5000    1.0000
 2129.5630  200.0000    2.5000    1.0000
 3153.6864  200.0000   -0.5000    1.0000
 6245.1986  200.0000   -2.0000    1.0000
 6561.1294  200.0000   -1.0000    1.0000
 6860.0804  200.0000    0.0000    1.0000
 527   5.4    4.3  1 LAGOS NIGERIA         
 5721.0440  200.0000    0.0000    1.0000
 528  -3.0   10.0  4 GABON                 
 1296.5392  200.0000    1.0000    1.0000
 2346.7385  200.0000    1.5000    1.0000
 4269.9924  200.0000    0.5000    1.0000
 9872.9906  300.0000  -17.5000    2.6000
 529  -4.8   11.8  7 KOUITOU R. CONGO      
  433.0441  200.0000   -0.5000    1.0000
  969.9618  200.0000    0.0000    2.0000
 3035.7132  200.0000   -0.5000    2.0000
 5721.0440  200.0000   -1.0000    2.0000
 7818.8277  200.0000   -4.0000    3.0000
 8857.1391  300.0000   -5.0000    3.0000
10150.7392  300.0000  -12.0000    3.0000
 530 -15.1   12.1  3 S. ANGOLA             
 1507.3256  200.0000    5.2000    1.0000
 3153.6864  200.0000    3.0000    1.0000
 3669.3782  200.0000    5.0000    1.0000
 531 -28.0   15.7  9 S. NAMIBIA            
 1507.3256  200.0000    1.5000    1.0000
 6112.2547  200.0000    3.6000    1.0000
 6660.7797  200.0000    0.0000    1.0000
 7639.2059  200.0000    0.0000    1.0000
 8173.9313  200.0000  -20.4000    3.0000
 8493.8224  300.0000  -20.3000    3.0000
15039.7031  500.0000  -71.3000   10.6000
16132.0740  500.0000  -76.5000   11.4000
17224.4450  500.0000  -81.2000   12.1000
 532 -34.2   22.1  2 MOSSEL BAY SA.        
 1896.1912  200.0000    0.0000    1.0000
 7758.9538  200.0000    2.5000    1.0000
 533 -34.5   24.7  1 C. ST. FRANCIS SA.    
 8371.8598  300.0000  -51.0000    7.6000
 534 -26.4   32.7  2 MAPUTO MOZAMBIQUE     
 4544.6891  200.0000    1.2000    1.0000
 5421.6176  200.0000    4.5000    1.0000
 535 -25.0   47.0  3 S. MADAGASCAR         
  969.9618  200.0000    2.0000    1.0000
 1896.1912  200.0000    2.5000    1.0000
 2346.7385  400.0000    1.2000    1.0000
 536 -17.3   49.4  2 E. MADAGASCAR         
 3035.7132  200.0000    1.3000    1.0000
 4034.4962  200.0000    1.3000    1.0000
 537 -14.3   50.2  1 N. MADAGASCAR         
 2020.9752  200.0000    0.2000    1.0000
 538 -21.2   55.5  7 REUNION               
 3280.5126  200.0000   -1.2000    1.0000
 5721.0440  200.0000   -4.2000    1.0000
 6245.1986  200.0000   -7.0000    1.0000
 6860.0804  200.0000  -10.0000    1.4000
 7361.6386  200.0000  -11.0000    1.6000
 7758.9538  200.0000  -14.0000    2.1000
 8083.4733  200.0000  -18.0000    2.7000
 539  15.6   39.5  1 MESEWA ETHIOPIA       
 4269.9924  200.0000    0.0000    1.0000
 540  28.8   32.1  1 SUEZ EGYPT            
 5621.2352  200.0000   -5.5000    1.0000
 541  23.3   58.5  3 MUSCAT OMAN           
 4387.7405  200.0000    1.0000    1.0000
 5321.8088  200.0000    0.3000    1.0000
 6245.1986  200.0000    1.0000    1.0000
 542  24.0   54.5  4 ABU DHABI UAE.        
  433.0441  200.0000   -0.2000    1.0000
 1214.8948  200.0000    0.0000    1.0000
 2238.1508  200.0000   -0.4000    1.0000
 4152.2443  200.0000   -1.0000    1.0000
 543  25.5   51.5  3 QATAR                 
 4883.3445  200.0000    3.0000    1.0000
 5721.0440  200.0000    1.5000    1.0000
 6245.1986  200.0000    2.0000    1.0000
 544  26.0   50.0  4 DHAHRAN SAUDI ARABIA  
 4034.4962  200.0000    1.8000    1.0000
 4714.0168  200.0000    3.0000    1.0000
 5222.0000  200.0000    1.5000    1.0000
 6860.0804  200.0000    1.2000    1.0000
 545  29.6   48.0  7 KUWAIT BAY KUWAIT     
 2020.9752  200.0000   -1.0000    1.0000
 4387.7405  200.0000    0.0000    1.0000
 6860.0804  200.0000    0.0000    1.0000
 8857.1391  300.0000  -20.0000    3.0000
11539.4822  400.0000  -30.0000    4.5000
13839.8639  400.0000  -50.0000    7.4000
16756.2860  500.0000  -74.0000   11.0000
 546  30.0   48.5  1 FAO IRAQ              
11400.6079  300.0000  -31.7000    4.7000
 547  27.1   56.0  4 W. MAKRAN IRAN        
 1636.9475  200.0000    2.0000    1.0000
 3799.0000  200.0000    2.6000    1.0000
 4714.0168  200.0000    7.0000    1.0000
 5721.0440  200.0000    4.0000    1.0000
 548  21.4   70.0  5 GUJARAT INDIA         
 5321.8088  200.0000    2.1000    1.0000
 5979.3107  200.0000    1.0000    1.0000
 6660.7797  200.0000    1.9000    1.0000
 7234.6788  200.0000    2.0000    1.0000
 7639.2059  200.0000    1.0000    1.0000
 549  19.0   72.7  6 BOMBAY INDIA          
 2020.9752  200.0000    0.2000    1.0000
 2238.1508  200.0000   -3.0000    1.0000
 2799.7667  200.0000    5.9000    1.0000
 3799.0000  200.0000    5.5000    1.0000
 4714.0168  200.0000   -1.0000    1.0000
 5222.0000  200.0000    1.0000    1.0000
 550  15.6   73.7  1 GOA INDIA             
  754.9138  200.0000    0.0000    1.0000
 551  10.5   72.6  3 LACCADIVE IS. INDIA   
 1766.5693  200.0000    5.0000    1.0000
 2129.5630  200.0000    5.0000    1.0000
 2681.7935  200.0000    5.0000    1.0000
 552   8.7   78.1  7 GULF OF MANNAR INDIA  
  343.3382  200.0000    3.0000    1.0000
  969.9618  200.0000    3.0000    1.0000
 2129.5630  200.0000    3.0000    1.0000
 2799.7667  200.0000    6.0000    1.0000
 4034.4962  200.0000    6.5000    1.0000
 6112.2547  200.0000    6.0000    1.0000
 6461.4790  200.0000    3.0000    1.0000
 553  13.3   80.3  1 MADRAS INDIA          
  644.1911  200.0000    4.0000    1.0000
 554   6.1   80.1  1 GALLE SRI LANKA       
 3153.6864  200.0000    0.9000    1.0000
 555   6.2  100.0  5 W. MALAYA             
 2563.9141  200.0000    1.4000    1.0000
 3916.7481  200.0000    0.7000    1.0000
 4714.0168  200.0000    1.5000    1.0000
 5846.3668  200.0000    2.4000    1.0000
 6561.1294  200.0000    3.0000    1.0000
 556   4.3  103.5  2 E. MALAYA             
 2799.7667  200.0000    1.4000    1.0000
 4387.7405  200.0000    2.5000    1.0000
 557   1.6  103.4  7 SINGAPORE             
 2129.5630  200.0000    2.0000    1.0000
 4883.3445  200.0000    4.0000    1.0000
 5721.0440  200.0000    3.8000    1.0000
 7234.6788  200.0000    0.7000    1.0000
 7758.9538  200.0000   -0.4000    1.0000
12372.7280  400.0000  -33.7000    5.0000
14355.5000  700.0000  -38.6000    5.7000
 558   2.2  102.3  7 SUMATRA INDONESIA     
 1051.6061  200.0000   -0.7000    1.0000
 6860.0804  200.0000    1.2000    1.0000
 7818.8277  200.0000   -3.3000    1.0000
 8371.8598  300.0000   -7.5000    1.1000
 9456.3677  300.0000  -21.0000    3.1000
10567.3621  300.0000  -33.4000    5.0000
11261.7336  300.0000  -53.6000    8.0000
 559  -7.5  113.6  7 JAVA INDONESIA        
 2681.7935  200.0000    1.8000    1.0000
 4034.4962  200.0000    0.8000    1.0000
 4714.0168  200.0000    1.4000    1.0000
 5979.3107  200.0000    2.9000    1.0000
 7107.7189  200.0000    3.0000    1.0000
15039.7031  500.0000  -75.0000   11.2000
16132.0740  500.0000  -75.0000   11.2000
 560  -4.5  119.5  2 SULAWESI INDONESIA    
 4544.6891  200.0000    5.8000    1.0000
 5621.2352  200.0000    6.5000    1.0000
 561   5.3  115.3  2 NORTH BORNEO          
 5052.6723  200.0000    1.9000    1.0000
 5521.4264  200.0000    1.9000    1.0000
 562 -12.2  131.9  4 DARWIN N. AUST.       
  969.9618  200.0000    0.0000    1.0000
 1636.9475  200.0000    0.0000    1.0000
 3280.5126  200.0000    0.0000    1.0000
 5222.0000  200.0000    0.0000    1.0000
 563 -15.0  127.9  2 CAMBRIDGE GULF W. AUST
 7107.7189  300.0000   -2.5000    1.0000
 7699.0798  200.0000   -2.5000    1.0000
 564 -22.3  114.0  1 EXMOUTH GULF W. AUST. 
 5222.0000  200.0000    1.0000    1.0000
 565 -24.6  113.0  3 SHARK BAY W. AUST.    
 3280.5126  200.0000    2.4000    1.0000
 4269.9924  200.0000    1.7000    1.0000
 5721.0440  200.0000    1.7000    1.0000
 566 -32.0  116.0  6 PERTH W. AUST.        
 4269.9924  200.0000    4.5000    1.0000
 4544.6891  200.0000    4.5000    1.0000
 5222.0000  200.0000    0.1000    1.0000
 5321.8088  200.0000    1.2000    1.0000
 6760.4301  200.0000    0.1000    1.0000
 9193.3596  300.0000    0.0000    1.0000
 567 -62.2  -58.8  5 PALMER PEN. ANTARCTICA
  533.4685  200.0000    0.5000    1.0000
 1133.2505  200.0000    5.0000    1.0000
 1296.5392  200.0000    7.6000    1.1000
 3280.5126  200.0000   10.0000    1.4000
 8493.8224  300.0000    4.3000    1.0000
 568 -69.0   39.6  1 OLAF LAND ANTARCTICA  
 4152.2443  200.0000    3.5000    1.0000
 569 -66.3  110.5  1 KNOX COAST ANTARCTICA 
 6860.0804  300.0000   19.8000    2.9000
 570 -77.7  163.4  8 McMURDO SOUND ANTARCTI
 5321.8088  200.0000    2.9000    1.0000
 5979.3107  200.0000    4.0000    1.0000
 6245.1986  200.0000    8.1000    1.2000
 6660.7797  200.0000    7.5000    1.1000
 6980.7591  200.0000    5.7000    1.0000
 7107.7189  200.0000    4.5000    1.0000
 7361.6386  200.0000    6.0000    1.0000
 7639.2059  200.0000   21.6000    3.2000
 601  71.3 -156.6  5 BARROW AK.            
 2799.7667  200.0000   -0.3000    1.0000
 3280.5126  200.0000    4.0000    1.0000
 5721.0440  300.0000    1.5000    1.0000
 9872.9906  300.0000    3.5000    1.0000
10428.4878  300.0000    3.0000    1.0000
 602  64.2 -165.5  2 NOME AK.              
13479.1031  400.0000  -17.9000    2.6000
16444.1800  500.0000  -21.4000    3.2000
 603  61.2 -150.0  1 ANCHORAGE AK.         
16288.1270  500.0000    8.2000    1.2000
 604  60.4 -145.0  3 COPPER R. AK.         
  644.1911  200.0000   -3.2000    1.0000
 1296.5392  200.0000   -3.0000    1.0000
 1636.9475  200.0000   -4.5000    1.0000
 605  58.7 -137.7  4 YAKUTAT AK.           
 1133.2505  200.0000    7.1000    1.0000
 2917.7400  300.0000   29.5000    4.4000
 8969.2126  400.0000   88.3000   13.2000
12650.4765  400.0000   63.0000    9.4000
 606  58.2 -134.0  7 JUNEAU AK.            
 5721.0440  200.0000    3.0000    1.0000
 6860.0804  200.0000    6.0000    1.0000
 7818.8277  200.0000   16.0000    2.4000
 8857.1391  300.0000   23.0000    3.4000
10150.7392  300.0000   29.0000    4.3000
11539.4822  400.0000   45.0000    6.7000
12928.2251  400.0000   62.0000    9.2000
 607  55.6 -131.6  2 KETCHIKAN AK.         
  433.0441  200.0000    1.0000    1.0000
 9317.4934  300.0000   10.0000    1.4000
 608  54.3 -130.2  3 PRINCE RUPERT BC.     
 5721.0440  200.0000    4.0000    1.0000
 6860.0804  200.0000   13.0000    1.9000
 7818.8277  200.0000   32.0000    4.8000
 609  53.9 -132.7  9 QUEEN CHARLOTTE ISLAND
  969.9618  200.0000    2.0000    1.0000
 2020.9752  200.0000    3.0000    1.0000
 3153.6864  200.0000    4.0000    1.0000
 4387.7405  200.0000    8.0000    1.1000
 5721.0440  200.0000   11.0000    1.6000
 6860.0804  200.0000   11.0000    1.6000
 7818.8277  200.0000   11.0000    1.6000
 8857.1391  300.0000   12.0000    1.8000
10150.7392  300.0000   13.0000    1.9000
 610  51.0 -128.0  8 QUEEN CHARLOTTE SOUND 
 4387.7405  200.0000   -3.0000    1.0000
 5721.0440  200.0000   -3.0000    1.0000
 6860.0804  200.0000   -2.0000    1.0000
 7818.8277  200.0000    1.0000    1.0000
 8857.1391  300.0000    5.0000    1.0000
10150.7392  300.0000   10.0000    1.4000
11539.4822  400.0000   18.0000    2.7000
12928.2251  400.0000   32.0000    4.8000
 611  50.6 -127.0  2 N. VANCOUVER IS. BC.  
14224.6601  400.0000   53.0000    7.9000
15039.7031  500.0000   17.0000    2.5000
 612  49.0 -124.0  6 E. VANCOUVER IS. BC.  
 5321.8088  200.0000   15.0000    2.2000
 9734.1163  300.0000    1.5000    1.0000
13388.9129  400.0000   37.0000    5.5000
13749.6737  400.0000   25.0000    3.7000
14093.8202  400.0000   49.0000    7.3000
14486.3399  500.0000  154.0000   23.0000
 613  48.5 -123.3  5 VICTORIA BC.          
 6245.1986  200.0000    2.0000    1.0000
10567.3621  300.0000    1.0000    1.0000
13569.2933  400.0000    2.0000    1.0000
14355.5000  400.0000   17.0000    2.5000
14748.0197  500.0000   28.0000    4.2000
 614  49.2 -123.0  5 FRAZER LOWLANDS BC.   
 8083.4733  200.0000    9.0000    1.3000
10706.2364  300.0000   11.0000    1.6000
12928.2251  400.0000   38.0000    5.6000
13388.9129  400.0000   92.0000   13.7000
13749.6737  400.0000  132.0000   19.7000
 615  48.8 -122.5  4 WHATCOM WA.           
11956.1051  400.0000   31.0000    4.6000
13479.1031  400.0000   77.0000   11.5000
13749.6737  400.0000   97.0000   14.5000
15195.7561  500.0000   82.0000   12.2000
 616  46.2 -124.0  4 COLUMBIA R. WA.       
 2020.9752  200.0000   -2.0000    1.0000
 5721.0440  200.0000   -7.0000    1.0000
 6860.0804  200.0000   -9.0000    1.3000
 7818.8277  200.0000  -11.0000    1.6000
 617  37.6 -122.4  4 SAN FRANCISCO BAY CA. 
 3916.7481  200.0000   -5.0000    2.0000
 7107.7189  300.0000  -10.0000    3.0000
 9193.3596  300.0000  -20.0000    3.0000
10150.7392  300.0000  -36.0000    5.3000
 618  32.9 -117.3  5 LA JOLLA CA.          
 4714.0168  200.0000   -2.0000    1.0000
 6245.1986  200.0000  -11.6000    1.7000
 9193.3596  300.0000  -23.0000    3.4000
14883.6501  500.0000  -38.0000    5.6000
15507.8620  500.0000  -38.0000    5.6000
 619  31.3 -114.9  3 N. GULF OF CALIF. MEX.
  644.1911  200.0000    0.0000    1.0000
 2238.1508  200.0000    0.7000    1.0000
 5521.4264  200.0000    0.0000    1.0000
 620  23.0 -106.0 10 NAYARIT MEX.          
  969.9618  200.0000   -0.5000    1.0000
 2020.9752  200.0000   -1.0000    1.0000
 3153.6864  200.0000   -1.3000    1.0000
 4387.7405  200.0000   -2.5000    1.0000
 5721.0440  200.0000   -4.0000    1.0000
 6860.0804  200.0000   -6.0000    1.0000
 7818.8277  200.0000  -10.0000    1.4000
 8857.1391  300.0000  -18.0000    2.7000
10150.7392  300.0000  -29.0000    4.3000
11539.4822  400.0000  -39.0000    5.8000
 621  16.2  -94.8  3 SALINA CRUZ MEX.      
 1133.2505  200.0000    7.0000    1.0000
 2129.5630  200.0000    7.0000    1.0000
 2455.3263  200.0000    7.0000    1.0000
 622 -14.0  -76.2  1 PARACAS PERU          
 3280.5126  200.0000    5.0000    1.0000
 623 -32.0  -71.5  2 VILPARAISO CHILE      
 4034.4962  200.0000    4.0000    1.0000
 5052.6723  200.0000    4.0000    1.0000
 624 -52.8  -70.8  4 BAHIA GENTE GRANDE CHI
 4269.9924  200.0000    3.0000    1.0000
 5321.8088  200.0000    2.0000    1.0000
 6461.4790  200.0000    3.0000    1.0000
 6760.4301  200.0000    3.4000    1.0000
 625 -53.7  -71.2  2 PUERTO DEL HAMBRE CHIL
 4387.7405  200.0000    3.5000    1.0000
 8857.1391  300.0000    2.1000    1.0000
 626 -54.9  -68.5  2 BEAGLE CHANNEL CHILE  
 1378.1836  200.0000    0.7000    1.0000
 5321.8088  200.0000    3.6000    1.0000
 627  71.5  136.0  2 YANA R. SIBERIA       
 2020.9752  200.0000    5.5000    1.0000
 3916.7481  300.0000    2.0000    1.0000
 628  69.5  171.8  4 PEVEK SIBERIA         
  865.6364  200.0000    1.8000    1.0000
 2346.7385  200.0000    3.0000    1.0000
 3539.7563  200.0000    2.0000    1.0000
 4883.3445  200.0000    3.0000    1.0000
 629  64.5  177.0  9 GULF OF ANADYR USSR.  
 1214.8948  200.0000    2.5000    1.0000
 3410.1345  200.0000    2.8000    1.0000
 4714.0168  200.0000    2.0000    1.0000
 6860.0804  200.0000    1.6000    1.0000
 7818.8277  200.0000    2.3000    1.0000
 9081.2861  300.0000    3.9000    1.0000
10150.7392  300.0000    2.9000    1.0000
11400.6079  500.0000    4.5000    1.0000
13659.4835  400.0000    4.8000    1.0000
 630  53.7  138.8  1 TUGUR USSR.           
 2563.9141  200.0000    1.7000    1.0000
 631  47.0  138.9  3 NELMA USSR.           
 1133.2505  200.0000    1.8000    1.0000
 2346.7385  200.0000    2.0000    1.0000
 5222.0000  200.0000    0.0000    1.0000
 632  43.0  134.0  7 NAKHODKA USSR.        
 3035.7132  200.0000    3.0000    1.0000
 5222.0000  200.0000    2.1000    1.0000
 6660.7797  200.0000   -6.0000    1.0000
 7234.6788  200.0000   -9.0000    1.3000
11956.1051  400.0000  -36.0000    5.3000
12372.7280  400.0000  -39.0000    5.8000
14093.8202  700.0000  -24.3000    3.6000
 633  42.5  130.7  2 NE. N. KOREA          
 6361.8287  200.0000    4.0000    1.0000
 6860.0804  200.0000    4.4000    1.0000
 634  35.0  127.0  4 KIMJE S. KOREA        
  865.6364  200.0000   -0.1000    1.0000
 5421.6176  200.0000   -1.9000    1.0000
 6980.7591  200.0000   -4.5000    1.0000
 7488.5985  200.0000   -5.1000    1.0000
 635  39.0  117.5 13 TIENTSIN CHINA        
  969.9618  200.0000   -1.0000    1.0000
 2020.9752  200.0000    2.5000    1.0000
 2563.9141  200.0000    0.5000    1.0000
 3280.5126  200.0000    1.5000    1.0000
 4152.2443  200.0000   -4.0000    1.0000
 4387.7405  200.0000    3.2000    1.0000
 5421.6176  200.0000    0.7000    1.0000
 6112.2547  200.0000    1.5000    1.0000
 6561.1294  300.0000   -2.5000    1.0000
 7579.3319  300.0000   -2.5000    1.0000
 9872.9906  700.0000  -11.8000    1.7000
10289.6135  300.0000  -12.5000    1.8000
11956.1051  400.0000  -13.6000    2.0000
 636  31.3  121.5  1 SHANGHAI CHINA        
 6361.8287  200.0000    2.0000    1.0000
 637  42.5  141.0  4 HOKKAIDO JAP.         
 5052.6723  200.0000   -6.0000    1.0000
 6461.4790  200.0000    2.0000    1.0000
 6980.7591  200.0000    2.0000    1.0000
12372.7280  400.0000  -39.0000    5.8000
 638  36.8  137.2  4 TOYAMA BAY JAP.       
 1296.5392  200.0000   -1.0000    1.0000
 1636.9475  200.0000   -0.5000    1.0000
 4544.6891  200.0000    3.0000    1.0000
 5222.0000  200.0000    2.0000    1.0000
 639  35.8  139.8 10 TOKYO BAY JAP.        
  969.9618  200.0000    0.0000    1.0000
 2020.9752  200.0000   -1.0000    1.0000
 3153.6864  200.0000    0.0000    1.0000
 4387.7405  200.0000    1.0000    1.0000
 5721.0440  200.0000    2.0000    1.0000
 6860.0804  200.0000    1.0000    1.0000
 7818.8277  200.0000   -7.0000    1.0000
 8857.1391  300.0000  -17.0000    2.5000
10150.7392  300.0000  -28.0000    4.2000
11539.4822  400.0000  -40.0000    5.9000
 640  34.0  135.0  9 OSAKA BAY JAP.        
 4387.7405  200.0000    0.0000    1.0000
 5721.0440  200.0000    2.0000    1.0000
 6860.0804  200.0000    3.0000    1.0000
 7818.8277  200.0000  -13.0000    1.9000
 8857.1391  300.0000  -22.0000    3.3000
10150.7392  300.0000  -26.0000    3.9000
11539.4822  400.0000  -27.0000    4.0000
12928.2251  400.0000  -28.0000    4.2000
13839.8639  400.0000  -30.0000    4.5000
 641  33.0  134.0  4 SHIKOKU JAP.          
 4387.7405  200.0000    5.0000    1.0000
 7361.6386  200.0000    3.5000    1.0000
 7699.0798  200.0000    4.7000    1.0000
 7993.0153  200.0000    4.7000    1.0000
 642  31.0  130.0  3 KYUSHU JAP.           
 3035.7132  200.0000    6.0000    1.0000
 5052.6723  200.0000    4.0000    1.0000
 6561.1294  200.0000    0.0000    1.0000
 643  28.0  130.0  7 KIKAI IS. JAP.        
 1296.5392  700.0000    2.0000    1.0000
 2020.9752  300.0000    1.0000    1.0000
 2917.7400  200.0000    1.0000    1.0000
 4152.2443  400.0000    1.0000    1.0000
 4714.0168  300.0000    2.0000    1.0000
 6361.8287  400.0000    3.5000    1.0000
 7361.6386  400.0000    4.5000    1.0000
 644  27.0  129.0  4 OKIERABU IS. JAP.     
 2020.9752  200.0000    1.5000    1.0000
 3280.5126  200.0000    2.2000    1.0000
 4544.6891  200.0000   -0.5000    1.0000
 5979.3107  200.0000   -6.0000    1.0000
 645  26.0  127.0  4 KUME IS. JAP.         
 1133.2505  200.0000    2.2000    1.0000
 1896.1912  200.0000    3.0000    1.0000
 2238.1508  200.0000    3.3000    1.0000
 3153.6864  200.0000    3.8000    1.0000
 646  26.0  128.0  3 OKINAWA IS. JAP.      
 1766.5693  200.0000    1.8000    1.0000
 3153.6864  200.0000    2.0000    1.0000
 5721.0440  200.0000    1.0000    1.0000
 647  26.0  124.0  5 UOTSURI IS. JAP.      
 2346.7385  200.0000    1.2000    1.0000
 2917.7400  200.0000    2.7000    1.0000
 3153.6864  200.0000    2.3000    1.0000
 4034.4962  200.0000    2.7000    1.0000
 5846.3668  200.0000    2.7000    1.0000
 648  24.0  124.0  4 ISHIGAKI IS. JAP.     
 1051.6061  200.0000    0.0000    1.0000
 1296.5392  200.0000    0.0000    1.0000
 2238.1508  200.0000   -0.5000    1.0000
 3153.6864  200.0000    1.0000    1.0000
 649  25.0  122.0  5 N. TAIWAN             
 1766.5693  200.0000    3.0000    1.0000
 2917.7400  200.0000    2.5000    1.0000
 3916.7481  200.0000    2.5000    1.0000
 6112.2547  200.0000    2.0000    1.0000
 6461.4790  200.0000    2.0000    1.0000
 650  22.0  120.0  2 S. TAIWAN             
 1296.5392  200.0000    1.0000    1.0000
 1636.9475  200.0000    1.5000    1.0000
 651  11.3  108.8  4 PHEN RANG VIET NAM    
  865.6364  200.0000    1.2000    1.0000
 2563.9141  200.0000    2.0000    1.0000
 4714.0168  200.0000    2.0000    1.0000
 6860.0804  200.0000    4.0000    1.0000
 652  10.5  106.0  5 MEKONG DELTA VIET NAM 
 3669.3782  200.0000    2.0000    1.0000
 4714.0168  200.0000    2.0000    1.0000
 5222.0000  200.0000    2.0000    1.0000
 6461.4790  200.0000    0.0000    1.0000
14093.8202  400.0000  -68.6000   10.2000
 653  -6.2  147.7  2 HUON PEN. PAPUA NG.   
 7234.6788  300.0000   -3.5000    1.0000
 8615.7850  300.0000  -13.0000    2.0000
 654 -15.0  145.0  5 C. YORK PEN. QL.      
 1296.5392  200.0000   -0.1000    1.0000
 2455.3263  200.0000    0.6000    1.0000
 3799.0000  200.0000    0.5000    1.0000
 5621.2352  200.0000    1.0000    1.0000
 7234.6788  200.0000   -0.6000    1.0000
 655 -19.0  147.0  6 TOWNSVILLE QL.        
 3410.1345  200.0000    3.1000    1.0000
 4544.6891  200.0000    3.0000    1.0000
 5846.3668  200.0000   -0.9000    1.0000
 6112.2547  200.0000    1.8000    1.0000
 8857.1391  300.0000   -9.0000    1.3000
 9456.3677  300.0000  -10.0000    1.4000
 656 -21.0  149.5  4 MACKAY QL.            
 4269.9924  200.0000    1.4000    1.0000
 5421.6176  200.0000   -1.5000    1.0000
 7579.3319  200.0000   -0.5000    1.0000
 7902.5573  200.0000   -6.0000    1.0000
 657 -35.9  150.0 10 MORUYA NSW.           
 3280.5126  200.0000    0.0000    1.0000
 6361.8287  200.0000   -1.0000    1.0000
 7234.6788  300.0000    0.0000    2.0000
 7818.8277  200.0000   -4.0000    1.0000
 8173.9313  200.0000   -7.3000    1.0000
 8857.1391  300.0000  -12.0000    1.8000
 8969.2126  300.0000  -14.5000    2.1000
 9456.3677  300.0000  -27.6000    4.1000
10150.7392  300.0000  -21.0000    3.1000
11539.4822  400.0000  -42.6000    6.3000
 658 -43.0  147.3  3 HOBART TAS.           
 2917.7400  200.0000   -1.7000    1.0000
 3916.7481  200.0000    0.1000    1.0000
 6361.8287  300.0000    0.5000    1.0000
 659 -34.4  138.5  2 ADELAIDE S. AUST.     
 4387.7405  200.0000    2.0000    1.0000
 7361.6386  200.0000    0.5000    1.0000
 660 -54.5  159.0  1 MacQUARIE IS. AUST.   
 6980.7591  200.0000    6.0000    1.0000
 661 -36.5  174.2  6 KAIPARA HARBOUR NZ.   
  969.9618  200.0000    0.0000    1.0000
 1378.1836  200.0000    0.3000    1.0000
 2020.9752  200.0000    0.5000    1.0000
 3153.6864  200.0000    1.3000    1.0000
 3799.0000  200.0000    0.0000    1.0000
 5222.0000  200.0000   -2.2000    1.0000
 662 -42.0  174.0 10 WAIRAU VALLEY NZ.     
  969.9618  200.0000    0.5000    1.0000
 2020.9752  200.0000    1.0000    1.0000
 3153.6864  200.0000    1.5000    1.0000
 4387.7405  200.0000    2.0000    1.0000
 5721.0440  200.0000    0.0000    1.0000
 6860.0804  200.0000   -2.0000    1.0000
 7818.8277  200.0000   -5.0000    1.0000
 8857.1391  300.0000  -10.0000    3.0000
10150.7392  300.0000  -17.0000    7.0000
11539.4822  400.0000  -32.0000    5.0000
 663 -43.5  173.0  6 CHRISTCHURCH NZ.      
  754.9138  200.0000   -0.8000    2.0000
 4152.2443  200.0000   -1.0000    2.0000
 6860.0804  200.0000   -4.0000    2.0000
 7579.3319  200.0000   -5.0000    2.0000
 8371.8598  300.0000  -16.0000    2.4000
 9317.4934  300.0000  -23.0000    3.4000
 664   7.3  134.5  4 PALAU IS. USA.        
 3035.7132  200.0000    1.5000    1.0000
 4034.4962  200.0000   -0.6000    1.0000
 4387.7405  200.0000   -0.5000    1.0000
 5846.3668  200.0000    2.0000    1.0000
 665  13.5  144.7  3 GUAM USA.             
 3035.7132  200.0000    0.6000    1.0000
 3669.3782  300.0000    0.6000    1.0000
 4034.4962  200.0000    0.1000    1.0000
 666  14.1  145.2  5 ROTA IS. USA.         
 2563.9141  200.0000    0.6000    1.0000
 3539.7563  200.0000    1.3000    1.0000
 4544.6891  200.0000    2.5000    1.0000
 5222.0000  200.0000    1.0000    1.0000
 5721.0440  200.0000    0.7000    1.0000
 667   6.0  146.0  7 E. CAROLINE ISLANDS US
  969.9618  200.0000   -0.4000    1.0000
 2020.9752  200.0000   -0.7000    1.0000
 3153.6864  200.0000   -1.0000    1.0000
 4387.7405  200.0000   -2.0000    1.0000
 5721.0440  200.0000   -3.5000    1.0000
 6860.0804  200.0000   -5.0000    1.0000
 7818.8277  200.0000   -7.0000    1.0000
 668  11.4  162.4  8 N. MARSHALL ISLANDS US
  433.0441  200.0000    1.0000    1.0000
 1378.1836  200.0000    1.0000    1.0000
 2346.7385  200.0000    1.2000    1.0000
 4387.7405  200.0000   -1.0000    1.0000
 5052.6723  200.0000    0.0000    1.0000
 5721.0440  200.0000   -1.0000    1.0000
 6561.1294  300.0000   -2.1000    1.0000
 7107.7189  300.0000   -2.1000    1.0000
 669   4.6  168.7  4 S. MARSHALL ISLANDS US
 1896.1912  200.0000    0.5000    1.0000
 2681.7935  200.0000    0.1000    1.0000
 3410.1345  200.0000    1.2000    1.0000
 3799.0000  200.0000    0.0000    1.0000
 670  -1.0  173.0  6 S. GILBERT ISLANDS UK.
  644.1911  200.0000    1.0000    1.0000
 1378.1836  200.0000    1.5000    1.0000
 2238.1508  200.0000    1.8000    1.0000
 2799.7667  200.0000    2.3000    1.0000
 3799.0000  200.0000    2.0000    1.0000
 4387.7405  200.0000    1.4000    1.0000
 671 -22.0  166.0  8 NEW CALEDONIA FRA.    
 1051.6061  200.0000    0.0000    1.0000
 1766.5693  200.0000    1.5000    1.0000
 3669.3782  200.0000    1.1000    1.0000
 5052.6723  200.0000    0.8000    1.0000
 5846.3668  200.0000    1.2000    1.0000
 6561.1294  200.0000   -0.1000    1.0000
 7699.0798  200.0000   -3.0000    1.0000
 8083.4733  200.0000   -4.8000    1.0000
 672 -18.0  178.0  2 FIJI                  
 1507.3256  300.0000    1.6000    1.0000
 5052.6723  300.0000   -1.6000    1.0000
 673 -21.1 -175.1  2 TONGA                 
 6980.7591  200.0000    0.5000    1.0000
 7234.6788  200.0000    1.3000    1.0000
 674 -13.9 -172.0  4 WESTERN SAMOA         
 1507.3256  200.0000   -2.8000    1.0000
 3153.6864  200.0000   -4.0000    1.0000
 5321.8088  200.0000   -5.3000    1.0000
 5521.4264  200.0000   -6.0000    1.0000
 675 -21.0 -159.0  6 COOK IS. NZ.          
  969.9618  200.0000    0.0000    1.0000
 2020.9752  200.0000    0.0000    1.0000
 3153.6864  200.0000    0.0000    1.0000
 4387.7405  200.0000   -0.2000    1.0000
 5721.0440  200.0000   -0.6000    1.0000
 6860.0804  200.0000   -1.0000    1.0000
 676 -17.0 -151.0  5 SOCIETY ISLANDS FRA.  
 1051.6061  200.0000    0.2000    1.0000
 2455.3263  200.0000    0.6000    1.0000
 3669.3782  200.0000    0.8000    1.0000
 4152.2443  200.0000    0.4000    1.0000
 4387.7405  200.0000    0.2000    1.0000
 677 -20.0 -140.0  3 MURUROA ATOLL FRA.    
 2020.9752  200.0000    3.0000    1.0000
 3153.6864  200.0000    3.0000    1.0000
 5721.0440  200.0000   -5.0000    1.0000
 678 -21.8 -138.8  3 TUAMOTU ISLANDS FRA.  
 3153.6864  200.0000    0.8000    1.0000
 3916.7481  200.0000    3.0000    1.0000
 6461.4790  300.0000   -3.0000    1.0000
 679  -5.6 -155.9  5 MALDEN IS. USA-UK.    
 1133.2505  200.0000    0.3000    1.0000
 1766.5693  200.0000    1.5000    1.0000
 1896.1912  200.0000    0.3000    1.0000
 2799.7667  300.0000    1.5000    1.0000
 3035.7132  300.0000    1.5000    1.0000
 680  -0.4 -160.0  3 JARVIS IS. USA.       
 1766.5693  300.0000    0.0000    1.0000
 2346.7385  300.0000    1.5000    1.0000
 4387.7405  300.0000    1.2000    1.0000
 681  21.3 -157.8  7 OAHU HI.              
 1133.2505  200.0000    0.2000    1.0000
 2020.9752  200.0000   -1.2000    1.0000
 3153.6864  200.0000   -2.0000    1.0000
 4387.7405  200.0000   -3.0000    1.0000
 6245.1986  200.0000   -8.5000    1.2000
 6461.4790  200.0000   -9.0000    1.3000
 7758.9538  200.0000  -10.5000    1.5000
 682  28.2 -177.5  3 MIDWAY IS. HI.        
 1214.8948  200.0000    0.8000    1.0000
 2129.5630  200.0000    0.9000    1.0000
 2455.3263  200.0000    0.6000    1.0000
