! ------------------------------------------------------------------------------------
! Data provided by Matteo VACCHI, various indicators for the Mediterranena Sea, May 2014  
!
! * * * * * * * * * * * * * * * * * * * * * * * * * * * * * * * * * * * * * * * * * * 
!
! Last revision by GS May 28 2014
!
! * * * * * * * * * * * * * * * * * * * * * * * * * * * * * * * * * * * * * * * * * * 
! About the FORMAT: 
! Lines beginning with "!" are counted as headers. 
! The data format is FREE, and defined as follows. All lines are mandatory. 
! Record 1: A three digits integer (code)
! Record 2: Site name with comments 
! Record 3: a Reference or a comment 
! Record 4: Lon, Lat, number of RSL observations in this set  
! Record 5...: '1', counter, time AD/BC (yrs), time error(yrs), RSL (m), RSL error (m) 
! or, alternatively:  
! Record 5...: '2', counter, time  BP   (yrs), time error(yrs), RSL (m), RSL error (m)  
! ... another code ... 
! ------------------------------------------------------------------------------------- 
! 0123456789012345678901234567890123456789 <<< do not exceed 40 characters! 
!
101 -------------------------------------- 101
From Matteo Vacchi - Site: 101 Gibraltar   
Runs for Matteo May 2014  
-5.4966 36.0492 24 
2  1      500.0   10.0    0.0    0.0
2  2     1000.0   10.0    0.0    0.0
2  3     1500.0   10.0    0.0    0.0
2  4     2000.0   10.0    0.0    0.0
2  5     2500.0   10.0    0.0    0.0
2  6     3000.0   10.0    0.0    0.0
2  7     3500.0   10.0    0.0    0.0
2  8     4000.0   10.0    0.0    0.0
2  9     4500.0   10.0    0.0    0.0
2  10    5000.0   10.0    0.0    0.0
2  11    5500.0   10.0    0.0    0.0
2  12    6000.0   10.0    0.0    0.0
2  13    6500.0   10.0    0.0    0.0
2  14    7000.0   10.0    0.0    0.0
2  15    7500.0   10.0    0.0    0.0
2  16    8000.0   10.0    0.0    0.0
2  17    8500.0   10.0    0.0    0.0
2  18    9000.0   10.0    0.0    0.0
2  19    9500.0   10.0    0.0    0.0
2  20   10000.0   10.0    0.0    0.0
2  21   10500.0   10.0    0.0    0.0
2  22   11000.0   10.0    0.0    0.0
2  23   11500.0   10.0    0.0    0.0
2  24   12000.0   10.0    0.0    0.0
102 -------------------------------------- 102
From Matteo Vacchi - Site: 102 Malaga   
Runs for Matteo May 2014  
-3.8149 36.7483 24 
2  1      500.0   10.0    0.0    0.0
2  2     1000.0   10.0    0.0    0.0
2  3     1500.0   10.0    0.0    0.0
2  4     2000.0   10.0    0.0    0.0
2  5     2500.0   10.0    0.0    0.0
2  6     3000.0   10.0    0.0    0.0
2  7     3500.0   10.0    0.0    0.0
2  8     4000.0   10.0    0.0    0.0
2  9     4500.0   10.0    0.0    0.0
2  10    5000.0   10.0    0.0    0.0
2  11    5500.0   10.0    0.0    0.0
2  12    6000.0   10.0    0.0    0.0
2  13    6500.0   10.0    0.0    0.0
2  14    7000.0   10.0    0.0    0.0
2  15    7500.0   10.0    0.0    0.0
2  16    8000.0   10.0    0.0    0.0
2  17    8500.0   10.0    0.0    0.0
2  18    9000.0   10.0    0.0    0.0
2  19    9500.0   10.0    0.0    0.0
2  20   10000.0   10.0    0.0    0.0
2  21   10500.0   10.0    0.0    0.0
2  22   11000.0   10.0    0.0    0.0
2  23   11500.0   10.0    0.0    0.0
2  24   12000.0   10.0    0.0    0.0
103 -------------------------------------- 103
From Matteo Vacchi - Site: 103 Murcia   
Runs for Matteo May 2014  
-0.765 37.8451 24 
2  1      500.0   10.0    0.0    0.0
2  2     1000.0   10.0    0.0    0.0
2  3     1500.0   10.0    0.0    0.0
2  4     2000.0   10.0    0.0    0.0
2  5     2500.0   10.0    0.0    0.0
2  6     3000.0   10.0    0.0    0.0
2  7     3500.0   10.0    0.0    0.0
2  8     4000.0   10.0    0.0    0.0
2  9     4500.0   10.0    0.0    0.0
2  10    5000.0   10.0    0.0    0.0
2  11    5500.0   10.0    0.0    0.0
2  12    6000.0   10.0    0.0    0.0
2  13    6500.0   10.0    0.0    0.0
2  14    7000.0   10.0    0.0    0.0
2  15    7500.0   10.0    0.0    0.0
2  16    8000.0   10.0    0.0    0.0
2  17    8500.0   10.0    0.0    0.0
2  18    9000.0   10.0    0.0    0.0
2  19    9500.0   10.0    0.0    0.0
2  20   10000.0   10.0    0.0    0.0
2  21   10500.0   10.0    0.0    0.0
2  22   11000.0   10.0    0.0    0.0
2  23   11500.0   10.0    0.0    0.0
2  24   12000.0   10.0    0.0    0.0
104 -------------------------------------- 104
From Matteo Vacchi - Site: 104 Valencia   
Runs for Matteo May 2014  
0.2748 39.276 24 
2  1      500.0   10.0    0.0    0.0
2  2     1000.0   10.0    0.0    0.0
2  3     1500.0   10.0    0.0    0.0
2  4     2000.0   10.0    0.0    0.0
2  5     2500.0   10.0    0.0    0.0
2  6     3000.0   10.0    0.0    0.0
2  7     3500.0   10.0    0.0    0.0
2  8     4000.0   10.0    0.0    0.0
2  9     4500.0   10.0    0.0    0.0
2  10    5000.0   10.0    0.0    0.0
2  11    5500.0   10.0    0.0    0.0
2  12    6000.0   10.0    0.0    0.0
2  13    6500.0   10.0    0.0    0.0
2  14    7000.0   10.0    0.0    0.0
2  15    7500.0   10.0    0.0    0.0
2  16    8000.0   10.0    0.0    0.0
2  17    8500.0   10.0    0.0    0.0
2  18    9000.0   10.0    0.0    0.0
2  19    9500.0   10.0    0.0    0.0
2  20   10000.0   10.0    0.0    0.0
2  21   10500.0   10.0    0.0    0.0
2  22   11000.0   10.0    0.0    0.0
2  23   11500.0   10.0    0.0    0.0
2  24   12000.0   10.0    0.0    0.0
105 -------------------------------------- 105
From Matteo Vacchi - Site: 105 Ebro-Barcellona    
Runs for Matteo May 2014  
0.912 40.988 24 
2  1      500.0   10.0    0.0    0.0
2  2     1000.0   10.0    0.0    0.0
2  3     1500.0   10.0    0.0    0.0
2  4     2000.0   10.0    0.0    0.0
2  5     2500.0   10.0    0.0    0.0
2  6     3000.0   10.0    0.0    0.0
2  7     3500.0   10.0    0.0    0.0
2  8     4000.0   10.0    0.0    0.0
2  9     4500.0   10.0    0.0    0.0
2  10    5000.0   10.0    0.0    0.0
2  11    5500.0   10.0    0.0    0.0
2  12    6000.0   10.0    0.0    0.0
2  13    6500.0   10.0    0.0    0.0
2  14    7000.0   10.0    0.0    0.0
2  15    7500.0   10.0    0.0    0.0
2  16    8000.0   10.0    0.0    0.0
2  17    8500.0   10.0    0.0    0.0
2  18    9000.0   10.0    0.0    0.0
2  19    9500.0   10.0    0.0    0.0
2  20   10000.0   10.0    0.0    0.0
2  21   10500.0   10.0    0.0    0.0
2  22   11000.0   10.0    0.0    0.0
2  23   11500.0   10.0    0.0    0.0
2  24   12000.0   10.0    0.0    0.0
106 -------------------------------------- 106
From Matteo Vacchi - Site: 106 Baleari    
Runs for Matteo May 2014  
2.7206 39.47 24 
2  1      500.0   10.0    0.0    0.0
2  2     1000.0   10.0    0.0    0.0
2  3     1500.0   10.0    0.0    0.0
2  4     2000.0   10.0    0.0    0.0
2  5     2500.0   10.0    0.0    0.0
2  6     3000.0   10.0    0.0    0.0
2  7     3500.0   10.0    0.0    0.0
2  8     4000.0   10.0    0.0    0.0
2  9     4500.0   10.0    0.0    0.0
2  10    5000.0   10.0    0.0    0.0
2  11    5500.0   10.0    0.0    0.0
2  12    6000.0   10.0    0.0    0.0
2  13    6500.0   10.0    0.0    0.0
2  14    7000.0   10.0    0.0    0.0
2  15    7500.0   10.0    0.0    0.0
2  16    8000.0   10.0    0.0    0.0
2  17    8500.0   10.0    0.0    0.0
2  18    9000.0   10.0    0.0    0.0
2  19    9500.0   10.0    0.0    0.0
2  20   10000.0   10.0    0.0    0.0
2  21   10500.0   10.0    0.0    0.0
2  22   11000.0   10.0    0.0    0.0
2  23   11500.0   10.0    0.0    0.0
2  24   12000.0   10.0    0.0    0.0
107 -------------------------------------- 107
From Matteo Vacchi - Site: 107 Perpignan    
Runs for Matteo May 2014  
3.0417 42.6881 24 
2  1      500.0   10.0    0.0    0.0
2  2     1000.0   10.0    0.0    0.0
2  3     1500.0   10.0    0.0    0.0
2  4     2000.0   10.0    0.0    0.0
2  5     2500.0   10.0    0.0    0.0
2  6     3000.0   10.0    0.0    0.0
2  7     3500.0   10.0    0.0    0.0
2  8     4000.0   10.0    0.0    0.0
2  9     4500.0   10.0    0.0    0.0
2  10    5000.0   10.0    0.0    0.0
2  11    5500.0   10.0    0.0    0.0
2  12    6000.0   10.0    0.0    0.0
2  13    6500.0   10.0    0.0    0.0
2  14    7000.0   10.0    0.0    0.0
2  15    7500.0   10.0    0.0    0.0
2  16    8000.0   10.0    0.0    0.0
2  17    8500.0   10.0    0.0    0.0
2  18    9000.0   10.0    0.0    0.0
2  19    9500.0   10.0    0.0    0.0
2  20   10000.0   10.0    0.0    0.0
2  21   10500.0   10.0    0.0    0.0
2  22   11000.0   10.0    0.0    0.0
2  23   11500.0   10.0    0.0    0.0
2  24   12000.0   10.0    0.0    0.0
108 -------------------------------------- 108
From Matteo Vacchi - Site: 108 Herault    
Runs for Matteo May 2014  
3.8678 43.4913 24 
2  1      500.0   10.0    0.0    0.0
2  2     1000.0   10.0    0.0    0.0
2  3     1500.0   10.0    0.0    0.0
2  4     2000.0   10.0    0.0    0.0
2  5     2500.0   10.0    0.0    0.0
2  6     3000.0   10.0    0.0    0.0
2  7     3500.0   10.0    0.0    0.0
2  8     4000.0   10.0    0.0    0.0
2  9     4500.0   10.0    0.0    0.0
2  10    5000.0   10.0    0.0    0.0
2  11    5500.0   10.0    0.0    0.0
2  12    6000.0   10.0    0.0    0.0
2  13    6500.0   10.0    0.0    0.0
2  14    7000.0   10.0    0.0    0.0
2  15    7500.0   10.0    0.0    0.0
2  16    8000.0   10.0    0.0    0.0
2  17    8500.0   10.0    0.0    0.0
2  18    9000.0   10.0    0.0    0.0
2  19    9500.0   10.0    0.0    0.0
2  20   10000.0   10.0    0.0    0.0
2  21   10500.0   10.0    0.0    0.0
2  22   11000.0   10.0    0.0    0.0
2  23   11500.0   10.0    0.0    0.0
2  24   12000.0   10.0    0.0    0.0
109 -------------------------------------- 109
From Matteo Vacchi - Site: 109 Rhone    
Runs for Matteo May 2014  
4.8718 43.3435 24 
2  1      500.0   10.0    0.0    0.0
2  2     1000.0   10.0    0.0    0.0
2  3     1500.0   10.0    0.0    0.0
2  4     2000.0   10.0    0.0    0.0
2  5     2500.0   10.0    0.0    0.0
2  6     3000.0   10.0    0.0    0.0
2  7     3500.0   10.0    0.0    0.0
2  8     4000.0   10.0    0.0    0.0
2  9     4500.0   10.0    0.0    0.0
2  10    5000.0   10.0    0.0    0.0
2  11    5500.0   10.0    0.0    0.0
2  12    6000.0   10.0    0.0    0.0
2  13    6500.0   10.0    0.0    0.0
2  14    7000.0   10.0    0.0    0.0
2  15    7500.0   10.0    0.0    0.0
2  16    8000.0   10.0    0.0    0.0
2  17    8500.0   10.0    0.0    0.0
2  18    9000.0   10.0    0.0    0.0
2  19    9500.0   10.0    0.0    0.0
2  20   10000.0   10.0    0.0    0.0
2  21   10500.0   10.0    0.0    0.0
2  22   11000.0   10.0    0.0    0.0
2  23   11500.0   10.0    0.0    0.0
2  24   12000.0   10.0    0.0    0.0
110 -------------------------------------- 110
From Matteo Vacchi - Site: 110 Frejus    
Runs for Matteo May 2014  
6.2766 43.1075 24 
2  1      500.0   10.0    0.0    0.0
2  2     1000.0   10.0    0.0    0.0
2  3     1500.0   10.0    0.0    0.0
2  4     2000.0   10.0    0.0    0.0
2  5     2500.0   10.0    0.0    0.0
2  6     3000.0   10.0    0.0    0.0
2  7     3500.0   10.0    0.0    0.0
2  8     4000.0   10.0    0.0    0.0
2  9     4500.0   10.0    0.0    0.0
2  10    5000.0   10.0    0.0    0.0
2  11    5500.0   10.0    0.0    0.0
2  12    6000.0   10.0    0.0    0.0
2  13    6500.0   10.0    0.0    0.0
2  14    7000.0   10.0    0.0    0.0
2  15    7500.0   10.0    0.0    0.0
2  16    8000.0   10.0    0.0    0.0
2  17    8500.0   10.0    0.0    0.0
2  18    9000.0   10.0    0.0    0.0
2  19    9500.0   10.0    0.0    0.0
2  20   10000.0   10.0    0.0    0.0
2  21   10500.0   10.0    0.0    0.0
2  22   11000.0   10.0    0.0    0.0
2  23   11500.0   10.0    0.0    0.0
2  24   12000.0   10.0    0.0    0.0
111 -------------------------------------- 111
From Matteo Vacchi - Site: 111 Nice    
Runs for Matteo May 2014  
7.2361  43.6834 24 
2  1      500.0   10.0    0.0    0.0
2  2     1000.0   10.0    0.0    0.0
2  3     1500.0   10.0    0.0    0.0
2  4     2000.0   10.0    0.0    0.0
2  5     2500.0   10.0    0.0    0.0
2  6     3000.0   10.0    0.0    0.0
2  7     3500.0   10.0    0.0    0.0
2  8     4000.0   10.0    0.0    0.0
2  9     4500.0   10.0    0.0    0.0
2  10    5000.0   10.0    0.0    0.0
2  11    5500.0   10.0    0.0    0.0
2  12    6000.0   10.0    0.0    0.0
2  13    6500.0   10.0    0.0    0.0
2  14    7000.0   10.0    0.0    0.0
2  15    7500.0   10.0    0.0    0.0
2  16    8000.0   10.0    0.0    0.0
2  17    8500.0   10.0    0.0    0.0
2  18    9000.0   10.0    0.0    0.0
2  19    9500.0   10.0    0.0    0.0
2  20   10000.0   10.0    0.0    0.0
2  21   10500.0   10.0    0.0    0.0
2  22   11000.0   10.0    0.0    0.0
2  23   11500.0   10.0    0.0    0.0
2  24   12000.0   10.0    0.0    0.0
112 -------------------------------------- 112
From Matteo Vacchi - Site: 112 Genova     
Runs for Matteo May 2014  
8.9564  44.3884 24 
2  1      500.0   10.0    0.0    0.0
2  2     1000.0   10.0    0.0    0.0
2  3     1500.0   10.0    0.0    0.0
2  4     2000.0   10.0    0.0    0.0
2  5     2500.0   10.0    0.0    0.0
2  6     3000.0   10.0    0.0    0.0
2  7     3500.0   10.0    0.0    0.0
2  8     4000.0   10.0    0.0    0.0
2  9     4500.0   10.0    0.0    0.0
2  10    5000.0   10.0    0.0    0.0
2  11    5500.0   10.0    0.0    0.0
2  12    6000.0   10.0    0.0    0.0
2  13    6500.0   10.0    0.0    0.0
2  14    7000.0   10.0    0.0    0.0
2  15    7500.0   10.0    0.0    0.0
2  16    8000.0   10.0    0.0    0.0
2  17    8500.0   10.0    0.0    0.0
2  18    9000.0   10.0    0.0    0.0
2  19    9500.0   10.0    0.0    0.0
2  20   10000.0   10.0    0.0    0.0
2  21   10500.0   10.0    0.0    0.0
2  22   11000.0   10.0    0.0    0.0
2  23   11500.0   10.0    0.0    0.0
2  24   12000.0   10.0    0.0    0.0
113 -------------------------------------- 113
From Matteo Vacchi - Site: 113 Pisa     
Runs for Matteo May 2014  
10.2821 43.6941 24 
2  1      500.0   10.0    0.0    0.0
2  2     1000.0   10.0    0.0    0.0
2  3     1500.0   10.0    0.0    0.0
2  4     2000.0   10.0    0.0    0.0
2  5     2500.0   10.0    0.0    0.0
2  6     3000.0   10.0    0.0    0.0
2  7     3500.0   10.0    0.0    0.0
2  8     4000.0   10.0    0.0    0.0
2  9     4500.0   10.0    0.0    0.0
2  10    5000.0   10.0    0.0    0.0
2  11    5500.0   10.0    0.0    0.0
2  12    6000.0   10.0    0.0    0.0
2  13    6500.0   10.0    0.0    0.0
2  14    7000.0   10.0    0.0    0.0
2  15    7500.0   10.0    0.0    0.0
2  16    8000.0   10.0    0.0    0.0
2  17    8500.0   10.0    0.0    0.0
2  18    9000.0   10.0    0.0    0.0
2  19    9500.0   10.0    0.0    0.0
2  20   10000.0   10.0    0.0    0.0
2  21   10500.0   10.0    0.0    0.0
2  22   11000.0   10.0    0.0    0.0
2  23   11500.0   10.0    0.0    0.0
2  24   12000.0   10.0    0.0    0.0
114 -------------------------------------- 114
From Matteo Vacchi - Site: 114 Ombrone     
Runs for Matteo May 2014  
11.1913 42.5001 24 
2  1      500.0   10.0    0.0    0.0
2  2     1000.0   10.0    0.0    0.0
2  3     1500.0   10.0    0.0    0.0
2  4     2000.0   10.0    0.0    0.0
2  5     2500.0   10.0    0.0    0.0
2  6     3000.0   10.0    0.0    0.0
2  7     3500.0   10.0    0.0    0.0
2  8     4000.0   10.0    0.0    0.0
2  9     4500.0   10.0    0.0    0.0
2  10    5000.0   10.0    0.0    0.0
2  11    5500.0   10.0    0.0    0.0
2  12    6000.0   10.0    0.0    0.0
2  13    6500.0   10.0    0.0    0.0
2  14    7000.0   10.0    0.0    0.0
2  15    7500.0   10.0    0.0    0.0
2  16    8000.0   10.0    0.0    0.0
2  17    8500.0   10.0    0.0    0.0
2  18    9000.0   10.0    0.0    0.0
2  19    9500.0   10.0    0.0    0.0
2  20   10000.0   10.0    0.0    0.0
2  21   10500.0   10.0    0.0    0.0
2  22   11000.0   10.0    0.0    0.0
2  23   11500.0   10.0    0.0    0.0
2  24   12000.0   10.0    0.0    0.0
115 -------------------------------------- 115
From Matteo Vacchi - Site: 115 Corse N     
Runs for Matteo May 2014  
9.1862 42.7288 24 
2  1      500.0   10.0    0.0    0.0
2  2     1000.0   10.0    0.0    0.0
2  3     1500.0   10.0    0.0    0.0
2  4     2000.0   10.0    0.0    0.0
2  5     2500.0   10.0    0.0    0.0
2  6     3000.0   10.0    0.0    0.0
2  7     3500.0   10.0    0.0    0.0
2  8     4000.0   10.0    0.0    0.0
2  9     4500.0   10.0    0.0    0.0
2  10    5000.0   10.0    0.0    0.0
2  11    5500.0   10.0    0.0    0.0
2  12    6000.0   10.0    0.0    0.0
2  13    6500.0   10.0    0.0    0.0
2  14    7000.0   10.0    0.0    0.0
2  15    7500.0   10.0    0.0    0.0
2  16    8000.0   10.0    0.0    0.0
2  17    8500.0   10.0    0.0    0.0
2  18    9000.0   10.0    0.0    0.0
2  19    9500.0   10.0    0.0    0.0
2  20   10000.0   10.0    0.0    0.0
2  21   10500.0   10.0    0.0    0.0
2  22   11000.0   10.0    0.0    0.0
2  23   11500.0   10.0    0.0    0.0
2  24   12000.0   10.0    0.0    0.0
116 -------------------------------------- 116
From Matteo Vacchi - Site: 116 Corse S     
Runs for Matteo May 2014  
8.7836 41.8704 24 
2  1      500.0   10.0    0.0    0.0
2  2     1000.0   10.0    0.0    0.0
2  3     1500.0   10.0    0.0    0.0
2  4     2000.0   10.0    0.0    0.0
2  5     2500.0   10.0    0.0    0.0
2  6     3000.0   10.0    0.0    0.0
2  7     3500.0   10.0    0.0    0.0
2  8     4000.0   10.0    0.0    0.0
2  9     4500.0   10.0    0.0    0.0
2  10    5000.0   10.0    0.0    0.0
2  11    5500.0   10.0    0.0    0.0
2  12    6000.0   10.0    0.0    0.0
2  13    6500.0   10.0    0.0    0.0
2  14    7000.0   10.0    0.0    0.0
2  15    7500.0   10.0    0.0    0.0
2  16    8000.0   10.0    0.0    0.0
2  17    8500.0   10.0    0.0    0.0
2  18    9000.0   10.0    0.0    0.0
2  19    9500.0   10.0    0.0    0.0
2  20   10000.0   10.0    0.0    0.0
2  21   10500.0   10.0    0.0    0.0
2  22   11000.0   10.0    0.0    0.0
2  23   11500.0   10.0    0.0    0.0
2  24   12000.0   10.0    0.0    0.0
117 -------------------------------------- 117
From Matteo Vacchi - Site: 117 Corse E     
Runs for Matteo May 2014  
9.5563  42.1438 24 
2  1      500.0   10.0    0.0    0.0
2  2     1000.0   10.0    0.0    0.0
2  3     1500.0   10.0    0.0    0.0
2  4     2000.0   10.0    0.0    0.0
2  5     2500.0   10.0    0.0    0.0
2  6     3000.0   10.0    0.0    0.0
2  7     3500.0   10.0    0.0    0.0
2  8     4000.0   10.0    0.0    0.0
2  9     4500.0   10.0    0.0    0.0
2  10    5000.0   10.0    0.0    0.0
2  11    5500.0   10.0    0.0    0.0
2  12    6000.0   10.0    0.0    0.0
2  13    6500.0   10.0    0.0    0.0
2  14    7000.0   10.0    0.0    0.0
2  15    7500.0   10.0    0.0    0.0
2  16    8000.0   10.0    0.0    0.0
2  17    8500.0   10.0    0.0    0.0
2  18    9000.0   10.0    0.0    0.0
2  19    9500.0   10.0    0.0    0.0
2  20   10000.0   10.0    0.0    0.0
2  21   10500.0   10.0    0.0    0.0
2  22   11000.0   10.0    0.0    0.0
2  23   11500.0   10.0    0.0    0.0
2  24   12000.0   10.0    0.0    0.0
118 -------------------------------------- 118
From Matteo Vacchi - Site: 118 Sardegna N      
Runs for Matteo May 2014  
9.3615  41.2047 24 
2  1      500.0   10.0    0.0    0.0
2  2     1000.0   10.0    0.0    0.0
2  3     1500.0   10.0    0.0    0.0
2  4     2000.0   10.0    0.0    0.0
2  5     2500.0   10.0    0.0    0.0
2  6     3000.0   10.0    0.0    0.0
2  7     3500.0   10.0    0.0    0.0
2  8     4000.0   10.0    0.0    0.0
2  9     4500.0   10.0    0.0    0.0
2  10    5000.0   10.0    0.0    0.0
2  11    5500.0   10.0    0.0    0.0
2  12    6000.0   10.0    0.0    0.0
2  13    6500.0   10.0    0.0    0.0
2  14    7000.0   10.0    0.0    0.0
2  15    7500.0   10.0    0.0    0.0
2  16    8000.0   10.0    0.0    0.0
2  17    8500.0   10.0    0.0    0.0
2  18    9000.0   10.0    0.0    0.0
2  19    9500.0   10.0    0.0    0.0
2  20   10000.0   10.0    0.0    0.0
2  21   10500.0   10.0    0.0    0.0
2  22   11000.0   10.0    0.0    0.0
2  23   11500.0   10.0    0.0    0.0
2  24   12000.0   10.0    0.0    0.0
119 -------------------------------------- 119
From Matteo Vacchi - Site: 119 Sardegna S     
Runs for Matteo May 2014  
8.4146 39.5015 24 
2  1      500.0   10.0    0.0    0.0
2  2     1000.0   10.0    0.0    0.0
2  3     1500.0   10.0    0.0    0.0
2  4     2000.0   10.0    0.0    0.0
2  5     2500.0   10.0    0.0    0.0
2  6     3000.0   10.0    0.0    0.0
2  7     3500.0   10.0    0.0    0.0
2  8     4000.0   10.0    0.0    0.0
2  9     4500.0   10.0    0.0    0.0
2  10    5000.0   10.0    0.0    0.0
2  11    5500.0   10.0    0.0    0.0
2  12    6000.0   10.0    0.0    0.0
2  13    6500.0   10.0    0.0    0.0
2  14    7000.0   10.0    0.0    0.0
2  15    7500.0   10.0    0.0    0.0
2  16    8000.0   10.0    0.0    0.0
2  17    8500.0   10.0    0.0    0.0
2  18    9000.0   10.0    0.0    0.0
2  19    9500.0   10.0    0.0    0.0
2  20   10000.0   10.0    0.0    0.0
2  21   10500.0   10.0    0.0    0.0
2  22   11000.0   10.0    0.0    0.0
2  23   11500.0   10.0    0.0    0.0
2  24   12000.0   10.0    0.0    0.0
120 -------------------------------------- 120
From Matteo Vacchi - Site: 120 Cagliari      
Runs for Matteo May 2014  
9.0638  39.1836 24 
2  1      500.0   10.0    0.0    0.0
2  2     1000.0   10.0    0.0    0.0
2  3     1500.0   10.0    0.0    0.0
2  4     2000.0   10.0    0.0    0.0
2  5     2500.0   10.0    0.0    0.0
2  6     3000.0   10.0    0.0    0.0
2  7     3500.0   10.0    0.0    0.0
2  8     4000.0   10.0    0.0    0.0
2  9     4500.0   10.0    0.0    0.0
2  10    5000.0   10.0    0.0    0.0
2  11    5500.0   10.0    0.0    0.0
2  12    6000.0   10.0    0.0    0.0
2  13    6500.0   10.0    0.0    0.0
2  14    7000.0   10.0    0.0    0.0
2  15    7500.0   10.0    0.0    0.0
2  16    8000.0   10.0    0.0    0.0
2  17    8500.0   10.0    0.0    0.0
2  18    9000.0   10.0    0.0    0.0
2  19    9500.0   10.0    0.0    0.0
2  20   10000.0   10.0    0.0    0.0
2  21   10500.0   10.0    0.0    0.0
2  22   11000.0   10.0    0.0    0.0
2  23   11500.0   10.0    0.0    0.0
2  24   12000.0   10.0    0.0    0.0
121 -------------------------------------- 121
From Matteo Vacchi - Site: 121 Tevere      
Runs for Matteo May 2014  
12.2272 41.7563 24 
2  1      500.0   10.0    0.0    0.0
2  2     1000.0   10.0    0.0    0.0
2  3     1500.0   10.0    0.0    0.0
2  4     2000.0   10.0    0.0    0.0
2  5     2500.0   10.0    0.0    0.0
2  6     3000.0   10.0    0.0    0.0
2  7     3500.0   10.0    0.0    0.0
2  8     4000.0   10.0    0.0    0.0
2  9     4500.0   10.0    0.0    0.0
2  10    5000.0   10.0    0.0    0.0
2  11    5500.0   10.0    0.0    0.0
2  12    6000.0   10.0    0.0    0.0
2  13    6500.0   10.0    0.0    0.0
2  14    7000.0   10.0    0.0    0.0
2  15    7500.0   10.0    0.0    0.0
2  16    8000.0   10.0    0.0    0.0
2  17    8500.0   10.0    0.0    0.0
2  18    9000.0   10.0    0.0    0.0
2  19    9500.0   10.0    0.0    0.0
2  20   10000.0   10.0    0.0    0.0
2  21   10500.0   10.0    0.0    0.0
2  22   11000.0   10.0    0.0    0.0
2  23   11500.0   10.0    0.0    0.0
2  24   12000.0   10.0    0.0    0.0
122 -------------------------------------- 122
From Matteo Vacchi - Site: 122 Napoli      
Runs for Matteo May 2014  
14.4464 40.7218 24 
2  1      500.0   10.0    0.0    0.0
2  2     1000.0   10.0    0.0    0.0
2  3     1500.0   10.0    0.0    0.0
2  4     2000.0   10.0    0.0    0.0
2  5     2500.0   10.0    0.0    0.0
2  6     3000.0   10.0    0.0    0.0
2  7     3500.0   10.0    0.0    0.0
2  8     4000.0   10.0    0.0    0.0
2  9     4500.0   10.0    0.0    0.0
2  10    5000.0   10.0    0.0    0.0
2  11    5500.0   10.0    0.0    0.0
2  12    6000.0   10.0    0.0    0.0
2  13    6500.0   10.0    0.0    0.0
2  14    7000.0   10.0    0.0    0.0
2  15    7500.0   10.0    0.0    0.0
2  16    8000.0   10.0    0.0    0.0
2  17    8500.0   10.0    0.0    0.0
2  18    9000.0   10.0    0.0    0.0
2  19    9500.0   10.0    0.0    0.0
2  20   10000.0   10.0    0.0    0.0
2  21   10500.0   10.0    0.0    0.0
2  22   11000.0   10.0    0.0    0.0
2  23   11500.0   10.0    0.0    0.0
2  24   12000.0   10.0    0.0    0.0
123 -------------------------------------- 123
From Matteo Vacchi - Site: 123 Trieste      
Runs for Matteo May 2014  
13.715 45.5826 24 
2  1      500.0   10.0    0.0    0.0
2  2     1000.0   10.0    0.0    0.0
2  3     1500.0   10.0    0.0    0.0
2  4     2000.0   10.0    0.0    0.0
2  5     2500.0   10.0    0.0    0.0
2  6     3000.0   10.0    0.0    0.0
2  7     3500.0   10.0    0.0    0.0
2  8     4000.0   10.0    0.0    0.0
2  9     4500.0   10.0    0.0    0.0
2  10    5000.0   10.0    0.0    0.0
2  11    5500.0   10.0    0.0    0.0
2  12    6000.0   10.0    0.0    0.0
2  13    6500.0   10.0    0.0    0.0
2  14    7000.0   10.0    0.0    0.0
2  15    7500.0   10.0    0.0    0.0
2  16    8000.0   10.0    0.0    0.0
2  17    8500.0   10.0    0.0    0.0
2  18    9000.0   10.0    0.0    0.0
2  19    9500.0   10.0    0.0    0.0
2  20   10000.0   10.0    0.0    0.0
2  21   10500.0   10.0    0.0    0.0
2  22   11000.0   10.0    0.0    0.0
2  23   11500.0   10.0    0.0    0.0
2  24   12000.0   10.0    0.0    0.0
124 -------------------------------------- 124
From Matteo Vacchi - Site: 124 Venezia      
Runs for Matteo May 2014  
12.3062 45.2859 24 
2  1      500.0   10.0    0.0    0.0
2  2     1000.0   10.0    0.0    0.0
2  3     1500.0   10.0    0.0    0.0
2  4     2000.0   10.0    0.0    0.0
2  5     2500.0   10.0    0.0    0.0
2  6     3000.0   10.0    0.0    0.0
2  7     3500.0   10.0    0.0    0.0
2  8     4000.0   10.0    0.0    0.0
2  9     4500.0   10.0    0.0    0.0
2  10    5000.0   10.0    0.0    0.0
2  11    5500.0   10.0    0.0    0.0
2  12    6000.0   10.0    0.0    0.0
2  13    6500.0   10.0    0.0    0.0
2  14    7000.0   10.0    0.0    0.0
2  15    7500.0   10.0    0.0    0.0
2  16    8000.0   10.0    0.0    0.0
2  17    8500.0   10.0    0.0    0.0
2  18    9000.0   10.0    0.0    0.0
2  19    9500.0   10.0    0.0    0.0
2  20   10000.0   10.0    0.0    0.0
2  21   10500.0   10.0    0.0    0.0
2  22   11000.0   10.0    0.0    0.0
2  23   11500.0   10.0    0.0    0.0
2  24   12000.0   10.0    0.0    0.0
125 -------------------------------------- 125
From Matteo Vacchi - Site: 125 Ravenna      
Runs for Matteo May 2014  
12.2893  44.4772 24 
2  1      500.0   10.0    0.0    0.0
2  2     1000.0   10.0    0.0    0.0
2  3     1500.0   10.0    0.0    0.0
2  4     2000.0   10.0    0.0    0.0
2  5     2500.0   10.0    0.0    0.0
2  6     3000.0   10.0    0.0    0.0
2  7     3500.0   10.0    0.0    0.0
2  8     4000.0   10.0    0.0    0.0
2  9     4500.0   10.0    0.0    0.0
2  10    5000.0   10.0    0.0    0.0
2  11    5500.0   10.0    0.0    0.0
2  12    6000.0   10.0    0.0    0.0
2  13    6500.0   10.0    0.0    0.0
2  14    7000.0   10.0    0.0    0.0
2  15    7500.0   10.0    0.0    0.0
2  16    8000.0   10.0    0.0    0.0
2  17    8500.0   10.0    0.0    0.0
2  18    9000.0   10.0    0.0    0.0
2  19    9500.0   10.0    0.0    0.0
2  20   10000.0   10.0    0.0    0.0
2  21   10500.0   10.0    0.0    0.0
2  22   11000.0   10.0    0.0    0.0
2  23   11500.0   10.0    0.0    0.0
2  24   12000.0   10.0    0.0    0.0
126 -------------------------------------- 126
From Matteo Vacchi - Site: 126 Pescara      
Runs for Matteo May 2014  
14.3486 42.3899 24 
2  1      500.0   10.0    0.0    0.0
2  2     1000.0   10.0    0.0    0.0
2  3     1500.0   10.0    0.0    0.0
2  4     2000.0   10.0    0.0    0.0
2  5     2500.0   10.0    0.0    0.0
2  6     3000.0   10.0    0.0    0.0
2  7     3500.0   10.0    0.0    0.0
2  8     4000.0   10.0    0.0    0.0
2  9     4500.0   10.0    0.0    0.0
2  10    5000.0   10.0    0.0    0.0
2  11    5500.0   10.0    0.0    0.0
2  12    6000.0   10.0    0.0    0.0
2  13    6500.0   10.0    0.0    0.0
2  14    7000.0   10.0    0.0    0.0
2  15    7500.0   10.0    0.0    0.0
2  16    8000.0   10.0    0.0    0.0
2  17    8500.0   10.0    0.0    0.0
2  18    9000.0   10.0    0.0    0.0
2  19    9500.0   10.0    0.0    0.0
2  20   10000.0   10.0    0.0    0.0
2  21   10500.0   10.0    0.0    0.0
2  22   11000.0   10.0    0.0    0.0
2  23   11500.0   10.0    0.0    0.0
2  24   12000.0   10.0    0.0    0.0
127 -------------------------------------- 127
From Matteo Vacchi - Site: 127 Messina      
Runs for Matteo May 2014  
15.5551 38.1696  24 
2  1      500.0   10.0    0.0    0.0
2  2     1000.0   10.0    0.0    0.0
2  3     1500.0   10.0    0.0    0.0
2  4     2000.0   10.0    0.0    0.0
2  5     2500.0   10.0    0.0    0.0
2  6     3000.0   10.0    0.0    0.0
2  7     3500.0   10.0    0.0    0.0
2  8     4000.0   10.0    0.0    0.0
2  9     4500.0   10.0    0.0    0.0
2  10    5000.0   10.0    0.0    0.0
2  11    5500.0   10.0    0.0    0.0
2  12    6000.0   10.0    0.0    0.0
2  13    6500.0   10.0    0.0    0.0
2  14    7000.0   10.0    0.0    0.0
2  15    7500.0   10.0    0.0    0.0
2  16    8000.0   10.0    0.0    0.0
2  17    8500.0   10.0    0.0    0.0
2  18    9000.0   10.0    0.0    0.0
2  19    9500.0   10.0    0.0    0.0
2  20   10000.0   10.0    0.0    0.0
2  21   10500.0   10.0    0.0    0.0
2  22   11000.0   10.0    0.0    0.0
2  23   11500.0   10.0    0.0    0.0
2  24   12000.0   10.0    0.0    0.0
128 -------------------------------------- 128
From Matteo Vacchi - Site: 128 Selinunte      
Runs for Matteo May 2014  
12.8234 37.5815 24 
2  1      500.0   10.0    0.0    0.0
2  2     1000.0   10.0    0.0    0.0
2  3     1500.0   10.0    0.0    0.0
2  4     2000.0   10.0    0.0    0.0
2  5     2500.0   10.0    0.0    0.0
2  6     3000.0   10.0    0.0    0.0
2  7     3500.0   10.0    0.0    0.0
2  8     4000.0   10.0    0.0    0.0
2  9     4500.0   10.0    0.0    0.0
2  10    5000.0   10.0    0.0    0.0
2  11    5500.0   10.0    0.0    0.0
2  12    6000.0   10.0    0.0    0.0
2  13    6500.0   10.0    0.0    0.0
2  14    7000.0   10.0    0.0    0.0
2  15    7500.0   10.0    0.0    0.0
2  16    8000.0   10.0    0.0    0.0
2  17    8500.0   10.0    0.0    0.0
2  18    9000.0   10.0    0.0    0.0
2  19    9500.0   10.0    0.0    0.0
2  20   10000.0   10.0    0.0    0.0
2  21   10500.0   10.0    0.0    0.0
2  22   11000.0   10.0    0.0    0.0
2  23   11500.0   10.0    0.0    0.0
2  24   12000.0   10.0    0.0    0.0
129 -------------------------------------- 129
From Matteo Vacchi - Site: 129 Alger      
Runs for Matteo May 2014  
3.3447 36.7855 24 
2  1      500.0   10.0    0.0    0.0
2  2     1000.0   10.0    0.0    0.0
2  3     1500.0   10.0    0.0    0.0
2  4     2000.0   10.0    0.0    0.0
2  5     2500.0   10.0    0.0    0.0
2  6     3000.0   10.0    0.0    0.0
2  7     3500.0   10.0    0.0    0.0
2  8     4000.0   10.0    0.0    0.0
2  9     4500.0   10.0    0.0    0.0
2  10    5000.0   10.0    0.0    0.0
2  11    5500.0   10.0    0.0    0.0
2  12    6000.0   10.0    0.0    0.0
2  13    6500.0   10.0    0.0    0.0
2  14    7000.0   10.0    0.0    0.0
2  15    7500.0   10.0    0.0    0.0
2  16    8000.0   10.0    0.0    0.0
2  17    8500.0   10.0    0.0    0.0
2  18    9000.0   10.0    0.0    0.0
2  19    9500.0   10.0    0.0    0.0
2  20   10000.0   10.0    0.0    0.0
2  21   10500.0   10.0    0.0    0.0
2  22   11000.0   10.0    0.0    0.0
2  23   11500.0   10.0    0.0    0.0
2  24   12000.0   10.0    0.0    0.0
130 -------------------------------------- 130
From Matteo Vacchi - Site: 130 Malta      
Runs for Matteo May 2014  
14.4733 35.8511 24 
2  1      500.0   10.0    0.0    0.0
2  2     1000.0   10.0    0.0    0.0
2  3     1500.0   10.0    0.0    0.0
2  4     2000.0   10.0    0.0    0.0
2  5     2500.0   10.0    0.0    0.0
2  6     3000.0   10.0    0.0    0.0
2  7     3500.0   10.0    0.0    0.0
2  8     4000.0   10.0    0.0    0.0
2  9     4500.0   10.0    0.0    0.0
2  10    5000.0   10.0    0.0    0.0
2  11    5500.0   10.0    0.0    0.0
2  12    6000.0   10.0    0.0    0.0
2  13    6500.0   10.0    0.0    0.0
2  14    7000.0   10.0    0.0    0.0
2  15    7500.0   10.0    0.0    0.0
2  16    8000.0   10.0    0.0    0.0
2  17    8500.0   10.0    0.0    0.0
2  18    9000.0   10.0    0.0    0.0
2  19    9500.0   10.0    0.0    0.0
2  20   10000.0   10.0    0.0    0.0
2  21   10500.0   10.0    0.0    0.0
2  22   11000.0   10.0    0.0    0.0
2  23   11500.0   10.0    0.0    0.0
2  24   12000.0   10.0    0.0    0.0
131 -------------------------------------- 131
From Matteo Vacchi - Site: 131 Gabes      
Runs for Matteo May 2014  
9.4595  33.5736 24 
2  1      500.0   10.0    0.0    0.0
2  2     1000.0   10.0    0.0    0.0
2  3     1500.0   10.0    0.0    0.0
2  4     2000.0   10.0    0.0    0.0
2  5     2500.0   10.0    0.0    0.0
2  6     3000.0   10.0    0.0    0.0
2  7     3500.0   10.0    0.0    0.0
2  8     4000.0   10.0    0.0    0.0
2  9     4500.0   10.0    0.0    0.0
2  10    5000.0   10.0    0.0    0.0
2  11    5500.0   10.0    0.0    0.0
2  12    6000.0   10.0    0.0    0.0
2  13    6500.0   10.0    0.0    0.0
2  14    7000.0   10.0    0.0    0.0
2  15    7500.0   10.0    0.0    0.0
2  16    8000.0   10.0    0.0    0.0
2  17    8500.0   10.0    0.0    0.0
2  18    9000.0   10.0    0.0    0.0
2  19    9500.0   10.0    0.0    0.0
2  20   10000.0   10.0    0.0    0.0
2  21   10500.0   10.0    0.0    0.0
2  22   11000.0   10.0    0.0    0.0
2  23   11500.0   10.0    0.0    0.0
2  24   12000.0   10.0    0.0    0.0
132 -------------------------------------- 132
From Matteo Vacchi - Site: 132 Nador      
Runs for Matteo May 2014  
-2.8101  35.1683 24 
2  1      500.0   10.0    0.0    0.0
2  2     1000.0   10.0    0.0    0.0
2  3     1500.0   10.0    0.0    0.0
2  4     2000.0   10.0    0.0    0.0
2  5     2500.0   10.0    0.0    0.0
2  6     3000.0   10.0    0.0    0.0
2  7     3500.0   10.0    0.0    0.0
2  8     4000.0   10.0    0.0    0.0
2  9     4500.0   10.0    0.0    0.0
2  10    5000.0   10.0    0.0    0.0
2  11    5500.0   10.0    0.0    0.0
2  12    6000.0   10.0    0.0    0.0
2  13    6500.0   10.0    0.0    0.0
2  14    7000.0   10.0    0.0    0.0
2  15    7500.0   10.0    0.0    0.0
2  16    8000.0   10.0    0.0    0.0
2  17    8500.0   10.0    0.0    0.0
2  18    9000.0   10.0    0.0    0.0
2  19    9500.0   10.0    0.0    0.0
2  20   10000.0   10.0    0.0    0.0
2  21   10500.0   10.0    0.0    0.0
2  22   11000.0   10.0    0.0    0.0
2  23   11500.0   10.0    0.0    0.0
2  24   12000.0   10.0    0.0    0.0
133 -------------------------------------- 133
From Matteo Vacchi - Site: 133 Preveza      
Runs for Matteo May 2014  
20.7198 38.9686 24 
2  1      500.0   10.0    0.0    0.0
2  2     1000.0   10.0    0.0    0.0
2  3     1500.0   10.0    0.0    0.0
2  4     2000.0   10.0    0.0    0.0
2  5     2500.0   10.0    0.0    0.0
2  6     3000.0   10.0    0.0    0.0
2  7     3500.0   10.0    0.0    0.0
2  8     4000.0   10.0    0.0    0.0
2  9     4500.0   10.0    0.0    0.0
2  10    5000.0   10.0    0.0    0.0
2  11    5500.0   10.0    0.0    0.0
2  12    6000.0   10.0    0.0    0.0
2  13    6500.0   10.0    0.0    0.0
2  14    7000.0   10.0    0.0    0.0
2  15    7500.0   10.0    0.0    0.0
2  16    8000.0   10.0    0.0    0.0
2  17    8500.0   10.0    0.0    0.0
2  18    9000.0   10.0    0.0    0.0
2  19    9500.0   10.0    0.0    0.0
2  20   10000.0   10.0    0.0    0.0
2  21   10500.0   10.0    0.0    0.0
2  22   11000.0   10.0    0.0    0.0
2  23   11500.0   10.0    0.0    0.0
2  24   12000.0   10.0    0.0    0.0
134 -------------------------------------- 134
From Matteo Vacchi - Site: 134 Corinthos      
Runs for Matteo May 2014  
22.7833  37.9865 24 
2  1      500.0   10.0    0.0    0.0
2  2     1000.0   10.0    0.0    0.0
2  3     1500.0   10.0    0.0    0.0
2  4     2000.0   10.0    0.0    0.0
2  5     2500.0   10.0    0.0    0.0
2  6     3000.0   10.0    0.0    0.0
2  7     3500.0   10.0    0.0    0.0
2  8     4000.0   10.0    0.0    0.0
2  9     4500.0   10.0    0.0    0.0
2  10    5000.0   10.0    0.0    0.0
2  11    5500.0   10.0    0.0    0.0
2  12    6000.0   10.0    0.0    0.0
2  13    6500.0   10.0    0.0    0.0
2  14    7000.0   10.0    0.0    0.0
2  15    7500.0   10.0    0.0    0.0
2  16    8000.0   10.0    0.0    0.0
2  17    8500.0   10.0    0.0    0.0
2  18    9000.0   10.0    0.0    0.0
2  19    9500.0   10.0    0.0    0.0
2  20   10000.0   10.0    0.0    0.0
2  21   10500.0   10.0    0.0    0.0
2  22   11000.0   10.0    0.0    0.0
2  23   11500.0   10.0    0.0    0.0
2  24   12000.0   10.0    0.0    0.0
135 -------------------------------------- 135
From Matteo Vacchi - Site: 135 Cyclades      
Runs for Matteo May 2014  
25.3712 37.033 24 
2  1      500.0   10.0    0.0    0.0
2  2     1000.0   10.0    0.0    0.0
2  3     1500.0   10.0    0.0    0.0
2  4     2000.0   10.0    0.0    0.0
2  5     2500.0   10.0    0.0    0.0
2  6     3000.0   10.0    0.0    0.0
2  7     3500.0   10.0    0.0    0.0
2  8     4000.0   10.0    0.0    0.0
2  9     4500.0   10.0    0.0    0.0
2  10    5000.0   10.0    0.0    0.0
2  11    5500.0   10.0    0.0    0.0
2  12    6000.0   10.0    0.0    0.0
2  13    6500.0   10.0    0.0    0.0
2  14    7000.0   10.0    0.0    0.0
2  15    7500.0   10.0    0.0    0.0
2  16    8000.0   10.0    0.0    0.0
2  17    8500.0   10.0    0.0    0.0
2  18    9000.0   10.0    0.0    0.0
2  19    9500.0   10.0    0.0    0.0
2  20   10000.0   10.0    0.0    0.0
2  21   10500.0   10.0    0.0    0.0
2  22   11000.0   10.0    0.0    0.0
2  23   11500.0   10.0    0.0    0.0
2  24   12000.0   10.0    0.0    0.0
136 -------------------------------------- 136
From Matteo Vacchi - Site: 136 Attica      
Runs for Matteo May 2014  
23.9391 37.706 24 
2  1      500.0   10.0    0.0    0.0
2  2     1000.0   10.0    0.0    0.0
2  3     1500.0   10.0    0.0    0.0
2  4     2000.0   10.0    0.0    0.0
2  5     2500.0   10.0    0.0    0.0
2  6     3000.0   10.0    0.0    0.0
2  7     3500.0   10.0    0.0    0.0
2  8     4000.0   10.0    0.0    0.0
2  9     4500.0   10.0    0.0    0.0
2  10    5000.0   10.0    0.0    0.0
2  11    5500.0   10.0    0.0    0.0
2  12    6000.0   10.0    0.0    0.0
2  13    6500.0   10.0    0.0    0.0
2  14    7000.0   10.0    0.0    0.0
2  15    7500.0   10.0    0.0    0.0
2  16    8000.0   10.0    0.0    0.0
2  17    8500.0   10.0    0.0    0.0
2  18    9000.0   10.0    0.0    0.0
2  19    9500.0   10.0    0.0    0.0
2  20   10000.0   10.0    0.0    0.0
2  21   10500.0   10.0    0.0    0.0
2  22   11000.0   10.0    0.0    0.0
2  23   11500.0   10.0    0.0    0.0
2  24   12000.0   10.0    0.0    0.0
137 -------------------------------------- 137
From Matteo Vacchi - Site: 137 Kalamata       
Runs for Matteo May 2014  
22.081 37.0252 24 
2  1      500.0   10.0    0.0    0.0
2  2     1000.0   10.0    0.0    0.0
2  3     1500.0   10.0    0.0    0.0
2  4     2000.0   10.0    0.0    0.0
2  5     2500.0   10.0    0.0    0.0
2  6     3000.0   10.0    0.0    0.0
2  7     3500.0   10.0    0.0    0.0
2  8     4000.0   10.0    0.0    0.0
2  9     4500.0   10.0    0.0    0.0
2  10    5000.0   10.0    0.0    0.0
2  11    5500.0   10.0    0.0    0.0
2  12    6000.0   10.0    0.0    0.0
2  13    6500.0   10.0    0.0    0.0
2  14    7000.0   10.0    0.0    0.0
2  15    7500.0   10.0    0.0    0.0
2  16    8000.0   10.0    0.0    0.0
2  17    8500.0   10.0    0.0    0.0
2  18    9000.0   10.0    0.0    0.0
2  19    9500.0   10.0    0.0    0.0
2  20   10000.0   10.0    0.0    0.0
2  21   10500.0   10.0    0.0    0.0
2  22   11000.0   10.0    0.0    0.0
2  23   11500.0   10.0    0.0    0.0
2  24   12000.0   10.0    0.0    0.0
138 -------------------------------------- 138
From Matteo Vacchi - Site: 138 Thessaloniki       
Runs for Matteo May 2014  
22.8683 40.4351 24 
2  1      500.0   10.0    0.0    0.0
2  2     1000.0   10.0    0.0    0.0
2  3     1500.0   10.0    0.0    0.0
2  4     2000.0   10.0    0.0    0.0
2  5     2500.0   10.0    0.0    0.0
2  6     3000.0   10.0    0.0    0.0
2  7     3500.0   10.0    0.0    0.0
2  8     4000.0   10.0    0.0    0.0
2  9     4500.0   10.0    0.0    0.0
2  10    5000.0   10.0    0.0    0.0
2  11    5500.0   10.0    0.0    0.0
2  12    6000.0   10.0    0.0    0.0
2  13    6500.0   10.0    0.0    0.0
2  14    7000.0   10.0    0.0    0.0
2  15    7500.0   10.0    0.0    0.0
2  16    8000.0   10.0    0.0    0.0
2  17    8500.0   10.0    0.0    0.0
2  18    9000.0   10.0    0.0    0.0
2  19    9500.0   10.0    0.0    0.0
2  20   10000.0   10.0    0.0    0.0
2  21   10500.0   10.0    0.0    0.0
2  22   11000.0   10.0    0.0    0.0
2  23   11500.0   10.0    0.0    0.0
2  24   12000.0   10.0    0.0    0.0
139 -------------------------------------- 139
From Matteo Vacchi - Site: 139 Izmir       
Runs for Matteo May 2014  
27.0234 38.4319 24 
2  1      500.0   10.0    0.0    0.0
2  2     1000.0   10.0    0.0    0.0
2  3     1500.0   10.0    0.0    0.0
2  4     2000.0   10.0    0.0    0.0
2  5     2500.0   10.0    0.0    0.0
2  6     3000.0   10.0    0.0    0.0
2  7     3500.0   10.0    0.0    0.0
2  8     4000.0   10.0    0.0    0.0
2  9     4500.0   10.0    0.0    0.0
2  10    5000.0   10.0    0.0    0.0
2  11    5500.0   10.0    0.0    0.0
2  12    6000.0   10.0    0.0    0.0
2  13    6500.0   10.0    0.0    0.0
2  14    7000.0   10.0    0.0    0.0
2  15    7500.0   10.0    0.0    0.0
2  16    8000.0   10.0    0.0    0.0
2  17    8500.0   10.0    0.0    0.0
2  18    9000.0   10.0    0.0    0.0
2  19    9500.0   10.0    0.0    0.0
2  20   10000.0   10.0    0.0    0.0
2  21   10500.0   10.0    0.0    0.0
2  22   11000.0   10.0    0.0    0.0
2  23   11500.0   10.0    0.0    0.0
2  24   12000.0   10.0    0.0    0.0
140 -------------------------------------- 140
From Matteo Vacchi - Site: 140 Lesvos       
Runs for Matteo May 2014  
26.0027 39.2881 24 
2  1      500.0   10.0    0.0    0.0
2  2     1000.0   10.0    0.0    0.0
2  3     1500.0   10.0    0.0    0.0
2  4     2000.0   10.0    0.0    0.0
2  5     2500.0   10.0    0.0    0.0
2  6     3000.0   10.0    0.0    0.0
2  7     3500.0   10.0    0.0    0.0
2  8     4000.0   10.0    0.0    0.0
2  9     4500.0   10.0    0.0    0.0
2  10    5000.0   10.0    0.0    0.0
2  11    5500.0   10.0    0.0    0.0
2  12    6000.0   10.0    0.0    0.0
2  13    6500.0   10.0    0.0    0.0
2  14    7000.0   10.0    0.0    0.0
2  15    7500.0   10.0    0.0    0.0
2  16    8000.0   10.0    0.0    0.0
2  17    8500.0   10.0    0.0    0.0
2  18    9000.0   10.0    0.0    0.0
2  19    9500.0   10.0    0.0    0.0
2  20   10000.0   10.0    0.0    0.0
2  21   10500.0   10.0    0.0    0.0
2  22   11000.0   10.0    0.0    0.0
2  23   11500.0   10.0    0.0    0.0
2  24   12000.0   10.0    0.0    0.0
141 -------------------------------------- 141
From Matteo Vacchi - Site: 141 Limnos       
Runs for Matteo May 2014  
25.3856 39.9208 24 
2  1      500.0   10.0    0.0    0.0
2  2     1000.0   10.0    0.0    0.0
2  3     1500.0   10.0    0.0    0.0
2  4     2000.0   10.0    0.0    0.0
2  5     2500.0   10.0    0.0    0.0
2  6     3000.0   10.0    0.0    0.0
2  7     3500.0   10.0    0.0    0.0
2  8     4000.0   10.0    0.0    0.0
2  9     4500.0   10.0    0.0    0.0
2  10    5000.0   10.0    0.0    0.0
2  11    5500.0   10.0    0.0    0.0
2  12    6000.0   10.0    0.0    0.0
2  13    6500.0   10.0    0.0    0.0
2  14    7000.0   10.0    0.0    0.0
2  15    7500.0   10.0    0.0    0.0
2  16    8000.0   10.0    0.0    0.0
2  17    8500.0   10.0    0.0    0.0
2  18    9000.0   10.0    0.0    0.0
2  19    9500.0   10.0    0.0    0.0
2  20   10000.0   10.0    0.0    0.0
2  21   10500.0   10.0    0.0    0.0
2  22   11000.0   10.0    0.0    0.0
2  23   11500.0   10.0    0.0    0.0
2  24   12000.0   10.0    0.0    0.0
142 -------------------------------------- 142
From Matteo Vacchi - Site: 142 Kavala       
Runs for Matteo May 2014  
25.3804 40.9089 24 
2  1      500.0   10.0    0.0    0.0
2  2     1000.0   10.0    0.0    0.0
2  3     1500.0   10.0    0.0    0.0
2  4     2000.0   10.0    0.0    0.0
2  5     2500.0   10.0    0.0    0.0
2  6     3000.0   10.0    0.0    0.0
2  7     3500.0   10.0    0.0    0.0
2  8     4000.0   10.0    0.0    0.0
2  9     4500.0   10.0    0.0    0.0
2  10    5000.0   10.0    0.0    0.0
2  11    5500.0   10.0    0.0    0.0
2  12    6000.0   10.0    0.0    0.0
2  13    6500.0   10.0    0.0    0.0
2  14    7000.0   10.0    0.0    0.0
2  15    7500.0   10.0    0.0    0.0
2  16    8000.0   10.0    0.0    0.0
2  17    8500.0   10.0    0.0    0.0
2  18    9000.0   10.0    0.0    0.0
2  19    9500.0   10.0    0.0    0.0
2  20   10000.0   10.0    0.0    0.0
2  21   10500.0   10.0    0.0    0.0
2  22   11000.0   10.0    0.0    0.0
2  23   11500.0   10.0    0.0    0.0
2  24   12000.0   10.0    0.0    0.0
143 -------------------------------------- 143
From Matteo Vacchi - Site: 143 Creta       
Runs for Matteo May 2014  
24.8261 34.9325 24 
2  1      500.0   10.0    0.0    0.0
2  2     1000.0   10.0    0.0    0.0
2  3     1500.0   10.0    0.0    0.0
2  4     2000.0   10.0    0.0    0.0
2  5     2500.0   10.0    0.0    0.0
2  6     3000.0   10.0    0.0    0.0
2  7     3500.0   10.0    0.0    0.0
2  8     4000.0   10.0    0.0    0.0
2  9     4500.0   10.0    0.0    0.0
2  10    5000.0   10.0    0.0    0.0
2  11    5500.0   10.0    0.0    0.0
2  12    6000.0   10.0    0.0    0.0
2  13    6500.0   10.0    0.0    0.0
2  14    7000.0   10.0    0.0    0.0
2  15    7500.0   10.0    0.0    0.0
2  16    8000.0   10.0    0.0    0.0
2  17    8500.0   10.0    0.0    0.0
2  18    9000.0   10.0    0.0    0.0
2  19    9500.0   10.0    0.0    0.0
2  20   10000.0   10.0    0.0    0.0
2  21   10500.0   10.0    0.0    0.0
2  22   11000.0   10.0    0.0    0.0
2  23   11500.0   10.0    0.0    0.0
2  24   12000.0   10.0    0.0    0.0
144 -------------------------------------- 144
From Matteo Vacchi - Site: 144 Cyprus       
Runs for Matteo May 2014  
33.2198 34.7044 24 
2  1      500.0   10.0    0.0    0.0
2  2     1000.0   10.0    0.0    0.0
2  3     1500.0   10.0    0.0    0.0
2  4     2000.0   10.0    0.0    0.0
2  5     2500.0   10.0    0.0    0.0
2  6     3000.0   10.0    0.0    0.0
2  7     3500.0   10.0    0.0    0.0
2  8     4000.0   10.0    0.0    0.0
2  9     4500.0   10.0    0.0    0.0
2  10    5000.0   10.0    0.0    0.0
2  11    5500.0   10.0    0.0    0.0
2  12    6000.0   10.0    0.0    0.0
2  13    6500.0   10.0    0.0    0.0
2  14    7000.0   10.0    0.0    0.0
2  15    7500.0   10.0    0.0    0.0
2  16    8000.0   10.0    0.0    0.0
2  17    8500.0   10.0    0.0    0.0
2  18    9000.0   10.0    0.0    0.0
2  19    9500.0   10.0    0.0    0.0
2  20   10000.0   10.0    0.0    0.0
2  21   10500.0   10.0    0.0    0.0
2  22   11000.0   10.0    0.0    0.0
2  23   11500.0   10.0    0.0    0.0
2  24   12000.0   10.0    0.0    0.0
145 -------------------------------------- 145
From Matteo Vacchi - Site: 145 Bodrum       
Runs for Matteo May 2014  
27.637 36.9726 24 
2  1      500.0   10.0    0.0    0.0
2  2     1000.0   10.0    0.0    0.0
2  3     1500.0   10.0    0.0    0.0
2  4     2000.0   10.0    0.0    0.0
2  5     2500.0   10.0    0.0    0.0
2  6     3000.0   10.0    0.0    0.0
2  7     3500.0   10.0    0.0    0.0
2  8     4000.0   10.0    0.0    0.0
2  9     4500.0   10.0    0.0    0.0
2  10    5000.0   10.0    0.0    0.0
2  11    5500.0   10.0    0.0    0.0
2  12    6000.0   10.0    0.0    0.0
2  13    6500.0   10.0    0.0    0.0
2  14    7000.0   10.0    0.0    0.0
2  15    7500.0   10.0    0.0    0.0
2  16    8000.0   10.0    0.0    0.0
2  17    8500.0   10.0    0.0    0.0
2  18    9000.0   10.0    0.0    0.0
2  19    9500.0   10.0    0.0    0.0
2  20   10000.0   10.0    0.0    0.0
2  21   10500.0   10.0    0.0    0.0
2  22   11000.0   10.0    0.0    0.0
2  23   11500.0   10.0    0.0    0.0
2  24   12000.0   10.0    0.0    0.0
146 -------------------------------------- 146
From Matteo Vacchi - Site: 146 Misrata       
Runs for Matteo May 2014  
15.0754 32.4109 24 
2  1      500.0   10.0    0.0    0.0
2  2     1000.0   10.0    0.0    0.0
2  3     1500.0   10.0    0.0    0.0
2  4     2000.0   10.0    0.0    0.0
2  5     2500.0   10.0    0.0    0.0
2  6     3000.0   10.0    0.0    0.0
2  7     3500.0   10.0    0.0    0.0
2  8     4000.0   10.0    0.0    0.0
2  9     4500.0   10.0    0.0    0.0
2  10    5000.0   10.0    0.0    0.0
2  11    5500.0   10.0    0.0    0.0
2  12    6000.0   10.0    0.0    0.0
2  13    6500.0   10.0    0.0    0.0
2  14    7000.0   10.0    0.0    0.0
2  15    7500.0   10.0    0.0    0.0
2  16    8000.0   10.0    0.0    0.0
2  17    8500.0   10.0    0.0    0.0
2  18    9000.0   10.0    0.0    0.0
2  19    9500.0   10.0    0.0    0.0
2  20   10000.0   10.0    0.0    0.0
2  21   10500.0   10.0    0.0    0.0
2  22   11000.0   10.0    0.0    0.0
2  23   11500.0   10.0    0.0    0.0
2  24   12000.0   10.0    0.0    0.0
147 -------------------------------------- 147
From Matteo Vacchi - Site: 147 Nile       
Runs for Matteo May 2014  
30.6399 31.4832 24 
2  1      500.0   10.0    0.0    0.0
2  2     1000.0   10.0    0.0    0.0
2  3     1500.0   10.0    0.0    0.0
2  4     2000.0   10.0    0.0    0.0
2  5     2500.0   10.0    0.0    0.0
2  6     3000.0   10.0    0.0    0.0
2  7     3500.0   10.0    0.0    0.0
2  8     4000.0   10.0    0.0    0.0
2  9     4500.0   10.0    0.0    0.0
2  10    5000.0   10.0    0.0    0.0
2  11    5500.0   10.0    0.0    0.0
2  12    6000.0   10.0    0.0    0.0
2  13    6500.0   10.0    0.0    0.0
2  14    7000.0   10.0    0.0    0.0
2  15    7500.0   10.0    0.0    0.0
2  16    8000.0   10.0    0.0    0.0
2  17    8500.0   10.0    0.0    0.0
2  18    9000.0   10.0    0.0    0.0
2  19    9500.0   10.0    0.0    0.0
2  20   10000.0   10.0    0.0    0.0
2  21   10500.0   10.0    0.0    0.0
2  22   11000.0   10.0    0.0    0.0
2  23   11500.0   10.0    0.0    0.0
2  24   12000.0   10.0    0.0    0.0
148 -------------------------------------- 148
From Matteo Vacchi - Site: 148 Tel haviv        
Runs for Matteo May 2014  
34.8215 32.2323 24 
2  1      500.0   10.0    0.0    0.0
2  2     1000.0   10.0    0.0    0.0
2  3     1500.0   10.0    0.0    0.0
2  4     2000.0   10.0    0.0    0.0
2  5     2500.0   10.0    0.0    0.0
2  6     3000.0   10.0    0.0    0.0
2  7     3500.0   10.0    0.0    0.0
2  8     4000.0   10.0    0.0    0.0
2  9     4500.0   10.0    0.0    0.0
2  10    5000.0   10.0    0.0    0.0
2  11    5500.0   10.0    0.0    0.0
2  12    6000.0   10.0    0.0    0.0
2  13    6500.0   10.0    0.0    0.0
2  14    7000.0   10.0    0.0    0.0
2  15    7500.0   10.0    0.0    0.0
2  16    8000.0   10.0    0.0    0.0
2  17    8500.0   10.0    0.0    0.0
2  18    9000.0   10.0    0.0    0.0
2  19    9500.0   10.0    0.0    0.0
2  20   10000.0   10.0    0.0    0.0
2  21   10500.0   10.0    0.0    0.0
2  22   11000.0   10.0    0.0    0.0
2  23   11500.0   10.0    0.0    0.0
2  24   12000.0   10.0    0.0    0.0
149 -------------------------------------- 149
From Matteo Vacchi - Site: 149 Beirut       
Runs for Matteo May 2014  
35.6103 33.9766 24 
2  1      500.0   10.0    0.0    0.0
2  2     1000.0   10.0    0.0    0.0
2  3     1500.0   10.0    0.0    0.0
2  4     2000.0   10.0    0.0    0.0
2  5     2500.0   10.0    0.0    0.0
2  6     3000.0   10.0    0.0    0.0
2  7     3500.0   10.0    0.0    0.0
2  8     4000.0   10.0    0.0    0.0
2  9     4500.0   10.0    0.0    0.0
2  10    5000.0   10.0    0.0    0.0
2  11    5500.0   10.0    0.0    0.0
2  12    6000.0   10.0    0.0    0.0
2  13    6500.0   10.0    0.0    0.0
2  14    7000.0   10.0    0.0    0.0
2  15    7500.0   10.0    0.0    0.0
2  16    8000.0   10.0    0.0    0.0
2  17    8500.0   10.0    0.0    0.0
2  18    9000.0   10.0    0.0    0.0
2  19    9500.0   10.0    0.0    0.0
2  20   10000.0   10.0    0.0    0.0
2  21   10500.0   10.0    0.0    0.0
2  22   11000.0   10.0    0.0    0.0
2  23   11500.0   10.0    0.0    0.0
2  24   12000.0   10.0    0.0    0.0
416 -------------------------------------- 416
From the Peltier and Tushingham database 416 ROUSSILLON FRA.   
Runs for Matteo May 2014  
3.1  42.7  24 
2  1      500.0   10.0    0.0    0.0
2  2     1000.0   10.0    0.0    0.0
2  3     1500.0   10.0    0.0    0.0
2  4     2000.0   10.0    0.0    0.0
2  5     2500.0   10.0    0.0    0.0
2  6     3000.0   10.0    0.0    0.0
2  7     3500.0   10.0    0.0    0.0
2  8     4000.0   10.0    0.0    0.0
2  9     4500.0   10.0    0.0    0.0
2  10    5000.0   10.0    0.0    0.0
2  11    5500.0   10.0    0.0    0.0
2  12    6000.0   10.0    0.0    0.0
2  13    6500.0   10.0    0.0    0.0
2  14    7000.0   10.0    0.0    0.0
2  15    7500.0   10.0    0.0    0.0
2  16    8000.0   10.0    0.0    0.0
2  17    8500.0   10.0    0.0    0.0
2  18    9000.0   10.0    0.0    0.0
2  19    9500.0   10.0    0.0    0.0
2  20   10000.0   10.0    0.0    0.0
2  21   10500.0   10.0    0.0    0.0
2  22   11000.0   10.0    0.0    0.0
2  23   11500.0   10.0    0.0    0.0
2  24   12000.0   10.0    0.0    0.0
417 -------------------------------------- 417
From the Peltier and Tushingham database 417 MARSEILLES FRA.   
Runs for Matteo May 2014  
5.4  43.3  24
2  1      500.0   10.0    0.0    0.0
2  2     1000.0   10.0    0.0    0.0
2  3     1500.0   10.0    0.0    0.0
2  4     2000.0   10.0    0.0    0.0
2  5     2500.0   10.0    0.0    0.0
2  6     3000.0   10.0    0.0    0.0
2  7     3500.0   10.0    0.0    0.0
2  8     4000.0   10.0    0.0    0.0
2  9     4500.0   10.0    0.0    0.0
2  10    5000.0   10.0    0.0    0.0
2  11    5500.0   10.0    0.0    0.0
2  12    6000.0   10.0    0.0    0.0
2  13    6500.0   10.0    0.0    0.0
2  14    7000.0   10.0    0.0    0.0
2  15    7500.0   10.0    0.0    0.0
2  16    8000.0   10.0    0.0    0.0
2  17    8500.0   10.0    0.0    0.0
2  18    9000.0   10.0    0.0    0.0
2  19    9500.0   10.0    0.0    0.0
2  20   10000.0   10.0    0.0    0.0
2  21   10500.0   10.0    0.0    0.0
2  22   11000.0   10.0    0.0    0.0
2  23   11500.0   10.0    0.0    0.0
2  24   12000.0   10.0    0.0    0.0
418 -------------------------------------- 418
From the Peltier and Tushingham database 418 CIVITAVECCHIA IT.    
Runs for Matteo May 2014  
12.0  42.0  24
2  1      500.0   10.0    0.0    0.0
2  2     1000.0   10.0    0.0    0.0
2  3     1500.0   10.0    0.0    0.0
2  4     2000.0   10.0    0.0    0.0
2  5     2500.0   10.0    0.0    0.0
2  6     3000.0   10.0    0.0    0.0
2  7     3500.0   10.0    0.0    0.0
2  8     4000.0   10.0    0.0    0.0
2  9     4500.0   10.0    0.0    0.0
2  10    5000.0   10.0    0.0    0.0
2  11    5500.0   10.0    0.0    0.0
2  12    6000.0   10.0    0.0    0.0
2  13    6500.0   10.0    0.0    0.0
2  14    7000.0   10.0    0.0    0.0
2  15    7500.0   10.0    0.0    0.0
2  16    8000.0   10.0    0.0    0.0
2  17    8500.0   10.0    0.0    0.0
2  18    9000.0   10.0    0.0    0.0
2  19    9500.0   10.0    0.0    0.0
2  20   10000.0   10.0    0.0    0.0
2  21   10500.0   10.0    0.0    0.0
2  22   11000.0   10.0    0.0    0.0
2  23   11500.0   10.0    0.0    0.0
2  24   12000.0   10.0    0.0    0.0
419 -------------------------------------- 419
From the Peltier and Tushingham database 419 TREMOLI IT.    
Runs for Matteo May 2014  
15.1  41.9  24
2  1      500.0   10.0    0.0    0.0
2  2     1000.0   10.0    0.0    0.0
2  3     1500.0   10.0    0.0    0.0
2  4     2000.0   10.0    0.0    0.0
2  5     2500.0   10.0    0.0    0.0
2  6     3000.0   10.0    0.0    0.0
2  7     3500.0   10.0    0.0    0.0
2  8     4000.0   10.0    0.0    0.0
2  9     4500.0   10.0    0.0    0.0
2  10    5000.0   10.0    0.0    0.0
2  11    5500.0   10.0    0.0    0.0
2  12    6000.0   10.0    0.0    0.0
2  13    6500.0   10.0    0.0    0.0
2  14    7000.0   10.0    0.0    0.0
2  15    7500.0   10.0    0.0    0.0
2  16    8000.0   10.0    0.0    0.0
2  17    8500.0   10.0    0.0    0.0
2  18    9000.0   10.0    0.0    0.0
2  19    9500.0   10.0    0.0    0.0
2  20   10000.0   10.0    0.0    0.0
2  21   10500.0   10.0    0.0    0.0
2  22   11000.0   10.0    0.0    0.0
2  23   11500.0   10.0    0.0    0.0
2  24   12000.0   10.0    0.0    0.0
420 -------------------------------------- 420
From the Peltier and Tushingham database 420 CATANIA SICILY.    
Runs for Matteo May 2014  
15.2  37.4  24
2  1      500.0   10.0    0.0    0.0
2  2     1000.0   10.0    0.0    0.0
2  3     1500.0   10.0    0.0    0.0
2  4     2000.0   10.0    0.0    0.0
2  5     2500.0   10.0    0.0    0.0
2  6     3000.0   10.0    0.0    0.0
2  7     3500.0   10.0    0.0    0.0
2  8     4000.0   10.0    0.0    0.0
2  9     4500.0   10.0    0.0    0.0
2  10    5000.0   10.0    0.0    0.0
2  11    5500.0   10.0    0.0    0.0
2  12    6000.0   10.0    0.0    0.0
2  13    6500.0   10.0    0.0    0.0
2  14    7000.0   10.0    0.0    0.0
2  15    7500.0   10.0    0.0    0.0
2  16    8000.0   10.0    0.0    0.0
2  17    8500.0   10.0    0.0    0.0
2  18    9000.0   10.0    0.0    0.0
2  19    9500.0   10.0    0.0    0.0
2  20   10000.0   10.0    0.0    0.0
2  21   10500.0   10.0    0.0    0.0
2  22   11000.0   10.0    0.0    0.0
2  23   11500.0   10.0    0.0    0.0
2  24   12000.0   10.0    0.0    0.0
421 -------------------------------------- 421
From the Peltier and Tushingham database 421 GULF OF MESSENIA GREECE    
Runs for Matteo May 2014  
22.0  37.0  24
2  1      500.0   10.0    0.0    0.0
2  2     1000.0   10.0    0.0    0.0
2  3     1500.0   10.0    0.0    0.0
2  4     2000.0   10.0    0.0    0.0
2  5     2500.0   10.0    0.0    0.0
2  6     3000.0   10.0    0.0    0.0
2  7     3500.0   10.0    0.0    0.0
2  8     4000.0   10.0    0.0    0.0
2  9     4500.0   10.0    0.0    0.0
2  10    5000.0   10.0    0.0    0.0
2  11    5500.0   10.0    0.0    0.0
2  12    6000.0   10.0    0.0    0.0
2  13    6500.0   10.0    0.0    0.0
2  14    7000.0   10.0    0.0    0.0
2  15    7500.0   10.0    0.0    0.0
2  16    8000.0   10.0    0.0    0.0
2  17    8500.0   10.0    0.0    0.0
2  18    9000.0   10.0    0.0    0.0
2  19    9500.0   10.0    0.0    0.0
2  20   10000.0   10.0    0.0    0.0
2  21   10500.0   10.0    0.0    0.0
2  22   11000.0   10.0    0.0    0.0
2  23   11500.0   10.0    0.0    0.0
2  24   12000.0   10.0    0.0    0.0
422 -------------------------------------- 422
From the Peltier and Tushingham database 422 SW. TURKEY     
Runs for Matteo May 2014  
27.0  37.0  24
2  1      500.0   10.0    0.0    0.0
2  2     1000.0   10.0    0.0    0.0
2  3     1500.0   10.0    0.0    0.0
2  4     2000.0   10.0    0.0    0.0
2  5     2500.0   10.0    0.0    0.0
2  6     3000.0   10.0    0.0    0.0
2  7     3500.0   10.0    0.0    0.0
2  8     4000.0   10.0    0.0    0.0
2  9     4500.0   10.0    0.0    0.0
2  10    5000.0   10.0    0.0    0.0
2  11    5500.0   10.0    0.0    0.0
2  12    6000.0   10.0    0.0    0.0
2  13    6500.0   10.0    0.0    0.0
2  14    7000.0   10.0    0.0    0.0
2  15    7500.0   10.0    0.0    0.0
2  16    8000.0   10.0    0.0    0.0
2  17    8500.0   10.0    0.0    0.0
2  18    9000.0   10.0    0.0    0.0
2  19    9500.0   10.0    0.0    0.0
2  20   10000.0   10.0    0.0    0.0
2  21   10500.0   10.0    0.0    0.0
2  22   11000.0   10.0    0.0    0.0
2  23   11500.0   10.0    0.0    0.0
2  24   12000.0   10.0    0.0    0.0
423 -------------------------------------- 423
From the Peltier and Tushingham database 423 CYPRUS      
Runs for Matteo May 2014  
32.8  35.0  24
2  1      500.0   10.0    0.0    0.0
2  2     1000.0   10.0    0.0    0.0
2  3     1500.0   10.0    0.0    0.0
2  4     2000.0   10.0    0.0    0.0
2  5     2500.0   10.0    0.0    0.0
2  6     3000.0   10.0    0.0    0.0
2  7     3500.0   10.0    0.0    0.0
2  8     4000.0   10.0    0.0    0.0
2  9     4500.0   10.0    0.0    0.0
2  10    5000.0   10.0    0.0    0.0
2  11    5500.0   10.0    0.0    0.0
2  12    6000.0   10.0    0.0    0.0
2  13    6500.0   10.0    0.0    0.0
2  14    7000.0   10.0    0.0    0.0
2  15    7500.0   10.0    0.0    0.0
2  16    8000.0   10.0    0.0    0.0
2  17    8500.0   10.0    0.0    0.0
2  18    9000.0   10.0    0.0    0.0
2  19    9500.0   10.0    0.0    0.0
2  20   10000.0   10.0    0.0    0.0
2  21   10500.0   10.0    0.0    0.0
2  22   11000.0   10.0    0.0    0.0
2  23   11500.0   10.0    0.0    0.0
2  24   12000.0   10.0    0.0    0.0
424 -------------------------------------- 424
From the Peltier and Tushingham database 424 BEIRUT LEBANON      
Runs for Matteo May 2014  
35.8  34.5  24
2  1      500.0   10.0    0.0    0.0
2  2     1000.0   10.0    0.0    0.0
2  3     1500.0   10.0    0.0    0.0
2  4     2000.0   10.0    0.0    0.0
2  5     2500.0   10.0    0.0    0.0
2  6     3000.0   10.0    0.0    0.0
2  7     3500.0   10.0    0.0    0.0
2  8     4000.0   10.0    0.0    0.0
2  9     4500.0   10.0    0.0    0.0
2  10    5000.0   10.0    0.0    0.0
2  11    5500.0   10.0    0.0    0.0
2  12    6000.0   10.0    0.0    0.0
2  13    6500.0   10.0    0.0    0.0
2  14    7000.0   10.0    0.0    0.0
2  15    7500.0   10.0    0.0    0.0
2  16    8000.0   10.0    0.0    0.0
2  17    8500.0   10.0    0.0    0.0
2  18    9000.0   10.0    0.0    0.0
2  19    9500.0   10.0    0.0    0.0
2  20   10000.0   10.0    0.0    0.0
2  21   10500.0   10.0    0.0    0.0
2  22   11000.0   10.0    0.0    0.0
2  23   11500.0   10.0    0.0    0.0
2  24   12000.0   10.0    0.0    0.0
425 -------------------------------------- 425
From the Peltier and Tushingham database 425 JAFFA ISRAEL       
Runs for Matteo May 2014  
34.9  32.5  24
2  1      500.0   10.0    0.0    0.0
2  2     1000.0   10.0    0.0    0.0
2  3     1500.0   10.0    0.0    0.0
2  4     2000.0   10.0    0.0    0.0
2  5     2500.0   10.0    0.0    0.0
2  6     3000.0   10.0    0.0    0.0
2  7     3500.0   10.0    0.0    0.0
2  8     4000.0   10.0    0.0    0.0
2  9     4500.0   10.0    0.0    0.0
2  10    5000.0   10.0    0.0    0.0
2  11    5500.0   10.0    0.0    0.0
2  12    6000.0   10.0    0.0    0.0
2  13    6500.0   10.0    0.0    0.0
2  14    7000.0   10.0    0.0    0.0
2  15    7500.0   10.0    0.0    0.0
2  16    8000.0   10.0    0.0    0.0
2  17    8500.0   10.0    0.0    0.0
2  18    9000.0   10.0    0.0    0.0
2  19    9500.0   10.0    0.0    0.0
2  20   10000.0   10.0    0.0    0.0
2  21   10500.0   10.0    0.0    0.0
2  22   11000.0   10.0    0.0    0.0
2  23   11500.0   10.0    0.0    0.0
2  24   12000.0   10.0    0.0    0.0
426 -------------------------------------- 426
From the Peltier and Tushingham database 426 ALGIERS ALGERIA      
Runs for Matteo May 2014  
2.2  36.5  24
2  1      500.0   10.0    0.0    0.0
2  2     1000.0   10.0    0.0    0.0
2  3     1500.0   10.0    0.0    0.0
2  4     2000.0   10.0    0.0    0.0
2  5     2500.0   10.0    0.0    0.0
2  6     3000.0   10.0    0.0    0.0
2  7     3500.0   10.0    0.0    0.0
2  8     4000.0   10.0    0.0    0.0
2  9     4500.0   10.0    0.0    0.0
2  10    5000.0   10.0    0.0    0.0
2  11    5500.0   10.0    0.0    0.0
2  12    6000.0   10.0    0.0    0.0
2  13    6500.0   10.0    0.0    0.0
2  14    7000.0   10.0    0.0    0.0
2  15    7500.0   10.0    0.0    0.0
2  16    8000.0   10.0    0.0    0.0
2  17    8500.0   10.0    0.0    0.0
2  18    9000.0   10.0    0.0    0.0
2  19    9500.0   10.0    0.0    0.0
2  20   10000.0   10.0    0.0    0.0
2  21   10500.0   10.0    0.0    0.0
2  22   11000.0   10.0    0.0    0.0
2  23   11500.0   10.0    0.0    0.0
2  24   12000.0   10.0    0.0    0.0
601 -------------------------------------- 601
Control point for Paolo Pirazzoli 
Adriatic notch paper - 2012          
19.25 40.50  24    
2  1      500.0   10.0    0.0    0.0
2  2     1000.0   10.0    0.0    0.0
2  3     1500.0   10.0    0.0    0.0
2  4     2000.0   10.0    0.0    0.0
2  5     2500.0   10.0    0.0    0.0
2  6     3000.0   10.0    0.0    0.0
2  7     3500.0   10.0    0.0    0.0
2  8     4000.0   10.0    0.0    0.0
2  9     4500.0   10.0    0.0    0.0
2  10    5000.0   10.0    0.0    0.0
2  11    5500.0   10.0    0.0    0.0
2  12    6000.0   10.0    0.0    0.0
2  13    6500.0   10.0    0.0    0.0
2  14    7000.0   10.0    0.0    0.0
2  15    7500.0   10.0    0.0    0.0
2  16    8000.0   10.0    0.0    0.0
2  17    8500.0   10.0    0.0    0.0
2  18    9000.0   10.0    0.0    0.0
2  19    9500.0   10.0    0.0    0.0
2  20   10000.0   10.0    0.0    0.0
2  21   10500.0   10.0    0.0    0.0
2  22   11000.0   10.0    0.0    0.0
2  23   11500.0   10.0    0.0    0.0
2  24   12000.0   10.0    0.0    0.0
602 -------------------------------------- 602
Control point for Paolo Pirazzoli 
Adriatic notch paper - 2012          
9.50 41.50  24    
2  1      500.0   10.0    0.0    0.0
2  2     1000.0   10.0    0.0    0.0
2  3     1500.0   10.0    0.0    0.0
2  4     2000.0   10.0    0.0    0.0
2  5     2500.0   10.0    0.0    0.0
2  6     3000.0   10.0    0.0    0.0
2  7     3500.0   10.0    0.0    0.0
2  8     4000.0   10.0    0.0    0.0
2  9     4500.0   10.0    0.0    0.0
2  10    5000.0   10.0    0.0    0.0
2  11    5500.0   10.0    0.0    0.0
2  12    6000.0   10.0    0.0    0.0
2  13    6500.0   10.0    0.0    0.0
2  14    7000.0   10.0    0.0    0.0
2  15    7500.0   10.0    0.0    0.0
2  16    8000.0   10.0    0.0    0.0
2  17    8500.0   10.0    0.0    0.0
2  18    9000.0   10.0    0.0    0.0
2  19    9500.0   10.0    0.0    0.0
2  20   10000.0   10.0    0.0    0.0
2  21   10500.0   10.0    0.0    0.0
2  22   11000.0   10.0    0.0    0.0
2  23   11500.0   10.0    0.0    0.0
2  24   12000.0   10.0    0.0    0.0
603 -------------------------------------- 603
Control point for Paolo Pirazzoli 
Adriatic notch paper - 2012          
18.25 42.50  24    
2  1      500.0   10.0    0.0    0.0
2  2     1000.0   10.0    0.0    0.0
2  3     1500.0   10.0    0.0    0.0
2  4     2000.0   10.0    0.0    0.0
2  5     2500.0   10.0    0.0    0.0
2  6     3000.0   10.0    0.0    0.0
2  7     3500.0   10.0    0.0    0.0
2  8     4000.0   10.0    0.0    0.0
2  9     4500.0   10.0    0.0    0.0
2  10    5000.0   10.0    0.0    0.0
2  11    5500.0   10.0    0.0    0.0
2  12    6000.0   10.0    0.0    0.0
2  13    6500.0   10.0    0.0    0.0
2  14    7000.0   10.0    0.0    0.0
2  15    7500.0   10.0    0.0    0.0
2  16    8000.0   10.0    0.0    0.0
2  17    8500.0   10.0    0.0    0.0
2  18    9000.0   10.0    0.0    0.0
2  19    9500.0   10.0    0.0    0.0
2  20   10000.0   10.0    0.0    0.0
2  21   10500.0   10.0    0.0    0.0
2  22   11000.0   10.0    0.0    0.0
2  23   11500.0   10.0    0.0    0.0
2  24   12000.0   10.0    0.0    0.0
604 -------------------------------------- 604
Control point for Paolo Pirazzoli 
Adriatic notch paper - 2012          
17.00 43.25  24    
2  1      500.0   10.0    0.0    0.0
2  2     1000.0   10.0    0.0    0.0
2  3     1500.0   10.0    0.0    0.0
2  4     2000.0   10.0    0.0    0.0
2  5     2500.0   10.0    0.0    0.0
2  6     3000.0   10.0    0.0    0.0
2  7     3500.0   10.0    0.0    0.0
2  8     4000.0   10.0    0.0    0.0
2  9     4500.0   10.0    0.0    0.0
2  10    5000.0   10.0    0.0    0.0
2  11    5500.0   10.0    0.0    0.0
2  12    6000.0   10.0    0.0    0.0
2  13    6500.0   10.0    0.0    0.0
2  14    7000.0   10.0    0.0    0.0
2  15    7500.0   10.0    0.0    0.0
2  16    8000.0   10.0    0.0    0.0
2  17    8500.0   10.0    0.0    0.0
2  18    9000.0   10.0    0.0    0.0
2  19    9500.0   10.0    0.0    0.0
2  20   10000.0   10.0    0.0    0.0
2  21   10500.0   10.0    0.0    0.0
2  22   11000.0   10.0    0.0    0.0
2  23   11500.0   10.0    0.0    0.0
2  24   12000.0   10.0    0.0    0.0
605 -------------------------------------- 605
Control point for Paolo Pirazzoli 
Adriatic notch paper - 2012          
15.25 44.00  24    
2  1      500.0   10.0    0.0    0.0
2  2     1000.0   10.0    0.0    0.0
2  3     1500.0   10.0    0.0    0.0
2  4     2000.0   10.0    0.0    0.0
2  5     2500.0   10.0    0.0    0.0
2  6     3000.0   10.0    0.0    0.0
2  7     3500.0   10.0    0.0    0.0
2  8     4000.0   10.0    0.0    0.0
2  9     4500.0   10.0    0.0    0.0
2  10    5000.0   10.0    0.0    0.0
2  11    5500.0   10.0    0.0    0.0
2  12    6000.0   10.0    0.0    0.0
2  13    6500.0   10.0    0.0    0.0
2  14    7000.0   10.0    0.0    0.0
2  15    7500.0   10.0    0.0    0.0
2  16    8000.0   10.0    0.0    0.0
2  17    8500.0   10.0    0.0    0.0
2  18    9000.0   10.0    0.0    0.0
2  19    9500.0   10.0    0.0    0.0
2  20   10000.0   10.0    0.0    0.0
2  21   10500.0   10.0    0.0    0.0
2  22   11000.0   10.0    0.0    0.0
2  23   11500.0   10.0    0.0    0.0
2  24   12000.0   10.0    0.0    0.0
606 -------------------------------------- 606
Control point for Paolo Pirazzoli 
Adriatic notch paper - 2012          
14.25 45.25  24    
2  1      500.0   10.0    0.0    0.0
2  2     1000.0   10.0    0.0    0.0
2  3     1500.0   10.0    0.0    0.0
2  4     2000.0   10.0    0.0    0.0
2  5     2500.0   10.0    0.0    0.0
2  6     3000.0   10.0    0.0    0.0
2  7     3500.0   10.0    0.0    0.0
2  8     4000.0   10.0    0.0    0.0
2  9     4500.0   10.0    0.0    0.0
2  10    5000.0   10.0    0.0    0.0
2  11    5500.0   10.0    0.0    0.0
2  12    6000.0   10.0    0.0    0.0
2  13    6500.0   10.0    0.0    0.0
2  14    7000.0   10.0    0.0    0.0
2  15    7500.0   10.0    0.0    0.0
2  16    8000.0   10.0    0.0    0.0
2  17    8500.0   10.0    0.0    0.0
2  18    9000.0   10.0    0.0    0.0
2  19    9500.0   10.0    0.0    0.0
2  20   10000.0   10.0    0.0    0.0
2  21   10500.0   10.0    0.0    0.0
2  22   11000.0   10.0    0.0    0.0
2  23   11500.0   10.0    0.0    0.0
2  24   12000.0   10.0    0.0    0.0
607 -------------------------------------- 607
Control point for Paolo Pirazzoli 
Adriatic notch paper - 2012          
13.25 45.75  24    
2  1      500.0   10.0    0.0    0.0
2  2     1000.0   10.0    0.0    0.0
2  3     1500.0   10.0    0.0    0.0
2  4     2000.0   10.0    0.0    0.0
2  5     2500.0   10.0    0.0    0.0
2  6     3000.0   10.0    0.0    0.0
2  7     3500.0   10.0    0.0    0.0
2  8     4000.0   10.0    0.0    0.0
2  9     4500.0   10.0    0.0    0.0
2  10    5000.0   10.0    0.0    0.0
2  11    5500.0   10.0    0.0    0.0
2  12    6000.0   10.0    0.0    0.0
2  13    6500.0   10.0    0.0    0.0
2  14    7000.0   10.0    0.0    0.0
2  15    7500.0   10.0    0.0    0.0
2  16    8000.0   10.0    0.0    0.0
2  17    8500.0   10.0    0.0    0.0
2  18    9000.0   10.0    0.0    0.0
2  19    9500.0   10.0    0.0    0.0
2  20   10000.0   10.0    0.0    0.0
2  21   10500.0   10.0    0.0    0.0
2  22   11000.0   10.0    0.0    0.0
2  23   11500.0   10.0    0.0    0.0
2  24   12000.0   10.0    0.0    0.0
608 -------------------------------------- 608
Control point for Paolo Pirazzoli 
Adriatic notch paper - 2012          
12.25 45.50  24    
2  1      500.0   10.0    0.0    0.0
2  2     1000.0   10.0    0.0    0.0
2  3     1500.0   10.0    0.0    0.0
2  4     2000.0   10.0    0.0    0.0
2  5     2500.0   10.0    0.0    0.0
2  6     3000.0   10.0    0.0    0.0
2  7     3500.0   10.0    0.0    0.0
2  8     4000.0   10.0    0.0    0.0
2  9     4500.0   10.0    0.0    0.0
2  10    5000.0   10.0    0.0    0.0
2  11    5500.0   10.0    0.0    0.0
2  12    6000.0   10.0    0.0    0.0
2  13    6500.0   10.0    0.0    0.0
2  14    7000.0   10.0    0.0    0.0
2  15    7500.0   10.0    0.0    0.0
2  16    8000.0   10.0    0.0    0.0
2  17    8500.0   10.0    0.0    0.0
2  18    9000.0   10.0    0.0    0.0
2  19    9500.0   10.0    0.0    0.0
2  20   10000.0   10.0    0.0    0.0
2  21   10500.0   10.0    0.0    0.0
2  22   11000.0   10.0    0.0    0.0
2  23   11500.0   10.0    0.0    0.0
2  24   12000.0   10.0    0.0    0.0
609 -------------------------------------- 609
Control point for Paolo Pirazzoli 
Adriatic notch paper - 2012          
12.25 44.75  24    
2  1      500.0   10.0    0.0    0.0
2  2     1000.0   10.0    0.0    0.0
2  3     1500.0   10.0    0.0    0.0
2  4     2000.0   10.0    0.0    0.0
2  5     2500.0   10.0    0.0    0.0
2  6     3000.0   10.0    0.0    0.0
2  7     3500.0   10.0    0.0    0.0
2  8     4000.0   10.0    0.0    0.0
2  9     4500.0   10.0    0.0    0.0
2  10    5000.0   10.0    0.0    0.0
2  11    5500.0   10.0    0.0    0.0
2  12    6000.0   10.0    0.0    0.0
2  13    6500.0   10.0    0.0    0.0
2  14    7000.0   10.0    0.0    0.0
2  15    7500.0   10.0    0.0    0.0
2  16    8000.0   10.0    0.0    0.0
2  17    8500.0   10.0    0.0    0.0
2  18    9000.0   10.0    0.0    0.0
2  19    9500.0   10.0    0.0    0.0
2  20   10000.0   10.0    0.0    0.0
2  21   10500.0   10.0    0.0    0.0
2  22   11000.0   10.0    0.0    0.0
2  23   11500.0   10.0    0.0    0.0
2  24   12000.0   10.0    0.0    0.0
610 -------------------------------------- 610
Control point for Paolo Pirazzoli 
Adriatic notch paper - 2012          
12.75 44.00  24    
2  1      500.0   10.0    0.0    0.0
2  2     1000.0   10.0    0.0    0.0
2  3     1500.0   10.0    0.0    0.0
2  4     2000.0   10.0    0.0    0.0
2  5     2500.0   10.0    0.0    0.0
2  6     3000.0   10.0    0.0    0.0
2  7     3500.0   10.0    0.0    0.0
2  8     4000.0   10.0    0.0    0.0
2  9     4500.0   10.0    0.0    0.0
2  10    5000.0   10.0    0.0    0.0
2  11    5500.0   10.0    0.0    0.0
2  12    6000.0   10.0    0.0    0.0
2  13    6500.0   10.0    0.0    0.0
2  14    7000.0   10.0    0.0    0.0
2  15    7500.0   10.0    0.0    0.0
2  16    8000.0   10.0    0.0    0.0
2  17    8500.0   10.0    0.0    0.0
2  18    9000.0   10.0    0.0    0.0
2  19    9500.0   10.0    0.0    0.0
2  20   10000.0   10.0    0.0    0.0
2  21   10500.0   10.0    0.0    0.0
2  22   11000.0   10.0    0.0    0.0
2  23   11500.0   10.0    0.0    0.0
2  24   12000.0   10.0    0.0    0.0
611 -------------------------------------- 611
Control point for Paolo Pirazzoli 
Adriatic notch paper - 2012          
13.75 43.25  24    
2  1      500.0   10.0    0.0    0.0
2  2     1000.0   10.0    0.0    0.0
2  3     1500.0   10.0    0.0    0.0
2  4     2000.0   10.0    0.0    0.0
2  5     2500.0   10.0    0.0    0.0
2  6     3000.0   10.0    0.0    0.0
2  7     3500.0   10.0    0.0    0.0
2  8     4000.0   10.0    0.0    0.0
2  9     4500.0   10.0    0.0    0.0
2  10    5000.0   10.0    0.0    0.0
2  11    5500.0   10.0    0.0    0.0
2  12    6000.0   10.0    0.0    0.0
2  13    6500.0   10.0    0.0    0.0
2  14    7000.0   10.0    0.0    0.0
2  15    7500.0   10.0    0.0    0.0
2  16    8000.0   10.0    0.0    0.0
2  17    8500.0   10.0    0.0    0.0
2  18    9000.0   10.0    0.0    0.0
2  19    9500.0   10.0    0.0    0.0
2  20   10000.0   10.0    0.0    0.0
2  21   10500.0   10.0    0.0    0.0
2  22   11000.0   10.0    0.0    0.0
2  23   11500.0   10.0    0.0    0.0
2  24   12000.0   10.0    0.0    0.0
612 -------------------------------------- 612
Control point for Paolo Pirazzoli 
Adriatic notch paper - 2012          
14.50 42.25  24    
2  1      500.0   10.0    0.0    0.0
2  2     1000.0   10.0    0.0    0.0
2  3     1500.0   10.0    0.0    0.0
2  4     2000.0   10.0    0.0    0.0
2  5     2500.0   10.0    0.0    0.0
2  6     3000.0   10.0    0.0    0.0
2  7     3500.0   10.0    0.0    0.0
2  8     4000.0   10.0    0.0    0.0
2  9     4500.0   10.0    0.0    0.0
2  10    5000.0   10.0    0.0    0.0
2  11    5500.0   10.0    0.0    0.0
2  12    6000.0   10.0    0.0    0.0
2  13    6500.0   10.0    0.0    0.0
2  14    7000.0   10.0    0.0    0.0
2  15    7500.0   10.0    0.0    0.0
2  16    8000.0   10.0    0.0    0.0
2  17    8500.0   10.0    0.0    0.0
2  18    9000.0   10.0    0.0    0.0
2  19    9500.0   10.0    0.0    0.0
2  20   10000.0   10.0    0.0    0.0
2  21   10500.0   10.0    0.0    0.0
2  22   11000.0   10.0    0.0    0.0
2  23   11500.0   10.0    0.0    0.0
2  24   12000.0   10.0    0.0    0.0
613 -------------------------------------- 613
Control point for Paolo Pirazzoli 
Adriatic notch paper - 2012          
16.00 41.50  24    
2  1      500.0   10.0    0.0    0.0
2  2     1000.0   10.0    0.0    0.0
2  3     1500.0   10.0    0.0    0.0
2  4     2000.0   10.0    0.0    0.0
2  5     2500.0   10.0    0.0    0.0
2  6     3000.0   10.0    0.0    0.0
2  7     3500.0   10.0    0.0    0.0
2  8     4000.0   10.0    0.0    0.0
2  9     4500.0   10.0    0.0    0.0
2  10    5000.0   10.0    0.0    0.0
2  11    5500.0   10.0    0.0    0.0
2  12    6000.0   10.0    0.0    0.0
2  13    6500.0   10.0    0.0    0.0
2  14    7000.0   10.0    0.0    0.0
2  15    7500.0   10.0    0.0    0.0
2  16    8000.0   10.0    0.0    0.0
2  17    8500.0   10.0    0.0    0.0
2  18    9000.0   10.0    0.0    0.0
2  19    9500.0   10.0    0.0    0.0
2  20   10000.0   10.0    0.0    0.0
2  21   10500.0   10.0    0.0    0.0
2  22   11000.0   10.0    0.0    0.0
2  23   11500.0   10.0    0.0    0.0
2  24   12000.0   10.0    0.0    0.0
614 -------------------------------------- 614
Control point for Paolo Pirazzoli 
Adriatic notch paper - 2012          
17.25 41.00  24    
2  1      500.0   10.0    0.0    0.0
2  2     1000.0   10.0    0.0    0.0
2  3     1500.0   10.0    0.0    0.0
2  4     2000.0   10.0    0.0    0.0
2  5     2500.0   10.0    0.0    0.0
2  6     3000.0   10.0    0.0    0.0
2  7     3500.0   10.0    0.0    0.0
2  8     4000.0   10.0    0.0    0.0
2  9     4500.0   10.0    0.0    0.0
2  10    5000.0   10.0    0.0    0.0
2  11    5500.0   10.0    0.0    0.0
2  12    6000.0   10.0    0.0    0.0
2  13    6500.0   10.0    0.0    0.0
2  14    7000.0   10.0    0.0    0.0
2  15    7500.0   10.0    0.0    0.0
2  16    8000.0   10.0    0.0    0.0
2  17    8500.0   10.0    0.0    0.0
2  18    9000.0   10.0    0.0    0.0
2  19    9500.0   10.0    0.0    0.0
2  20   10000.0   10.0    0.0    0.0
2  21   10500.0   10.0    0.0    0.0
2  22   11000.0   10.0    0.0    0.0
2  23   11500.0   10.0    0.0    0.0
2  24   12000.0   10.0    0.0    0.0
615 -------------------------------------- 615
Control point for Paolo Pirazzoli 
Adriatic notch paper - 2012          
18.50 40.00  24    
2  1      500.0   10.0    0.0    0.0
2  2     1000.0   10.0    0.0    0.0
2  3     1500.0   10.0    0.0    0.0
2  4     2000.0   10.0    0.0    0.0
2  5     2500.0   10.0    0.0    0.0
2  6     3000.0   10.0    0.0    0.0
2  7     3500.0   10.0    0.0    0.0
2  8     4000.0   10.0    0.0    0.0
2  9     4500.0   10.0    0.0    0.0
2  10    5000.0   10.0    0.0    0.0
2  11    5500.0   10.0    0.0    0.0
2  12    6000.0   10.0    0.0    0.0
2  13    6500.0   10.0    0.0    0.0
2  14    7000.0   10.0    0.0    0.0
2  15    7500.0   10.0    0.0    0.0
2  16    8000.0   10.0    0.0    0.0
2  17    8500.0   10.0    0.0    0.0
2  18    9000.0   10.0    0.0    0.0
2  19    9500.0   10.0    0.0    0.0
2  20   10000.0   10.0    0.0    0.0
2  21   10500.0   10.0    0.0    0.0
2  22   11000.0   10.0    0.0    0.0
2  23   11500.0   10.0    0.0    0.0
2  24   12000.0   10.0    0.0    0.0
616 -------------------------------------- 616
Control point for Paolo Pirazzoli 
Adriatic notch paper - 2012          
16.75 40.25  24    
2  1      500.0   10.0    0.0    0.0
2  2     1000.0   10.0    0.0    0.0
2  3     1500.0   10.0    0.0    0.0
2  4     2000.0   10.0    0.0    0.0
2  5     2500.0   10.0    0.0    0.0
2  6     3000.0   10.0    0.0    0.0
2  7     3500.0   10.0    0.0    0.0
2  8     4000.0   10.0    0.0    0.0
2  9     4500.0   10.0    0.0    0.0
2  10    5000.0   10.0    0.0    0.0
2  11    5500.0   10.0    0.0    0.0
2  12    6000.0   10.0    0.0    0.0
2  13    6500.0   10.0    0.0    0.0
2  14    7000.0   10.0    0.0    0.0
2  15    7500.0   10.0    0.0    0.0
2  16    8000.0   10.0    0.0    0.0
2  17    8500.0   10.0    0.0    0.0
2  18    9000.0   10.0    0.0    0.0
2  19    9500.0   10.0    0.0    0.0
2  20   10000.0   10.0    0.0    0.0
2  21   10500.0   10.0    0.0    0.0
2  22   11000.0   10.0    0.0    0.0
2  23   11500.0   10.0    0.0    0.0
2  24   12000.0   10.0    0.0    0.0
617 -------------------------------------- 617
Control point for Paolo Pirazzoli 
Adriatic notch paper - 2012          
15.25 40.00  24    
2  1      500.0   10.0    0.0    0.0
2  2     1000.0   10.0    0.0    0.0
2  3     1500.0   10.0    0.0    0.0
2  4     2000.0   10.0    0.0    0.0
2  5     2500.0   10.0    0.0    0.0
2  6     3000.0   10.0    0.0    0.0
2  7     3500.0   10.0    0.0    0.0
2  8     4000.0   10.0    0.0    0.0
2  9     4500.0   10.0    0.0    0.0
2  10    5000.0   10.0    0.0    0.0
2  11    5500.0   10.0    0.0    0.0
2  12    6000.0   10.0    0.0    0.0
2  13    6500.0   10.0    0.0    0.0
2  14    7000.0   10.0    0.0    0.0
2  15    7500.0   10.0    0.0    0.0
2  16    8000.0   10.0    0.0    0.0
2  17    8500.0   10.0    0.0    0.0
2  18    9000.0   10.0    0.0    0.0
2  19    9500.0   10.0    0.0    0.0
2  20   10000.0   10.0    0.0    0.0
2  21   10500.0   10.0    0.0    0.0
2  22   11000.0   10.0    0.0    0.0
2  23   11500.0   10.0    0.0    0.0
2  24   12000.0   10.0    0.0    0.0
618 -------------------------------------- 618
Control point for Paolo Pirazzoli 
Adriatic notch paper - 2012          
14.00 41.00  24    
2  1      500.0   10.0    0.0    0.0
2  2     1000.0   10.0    0.0    0.0
2  3     1500.0   10.0    0.0    0.0
2  4     2000.0   10.0    0.0    0.0
2  5     2500.0   10.0    0.0    0.0
2  6     3000.0   10.0    0.0    0.0
2  7     3500.0   10.0    0.0    0.0
2  8     4000.0   10.0    0.0    0.0
2  9     4500.0   10.0    0.0    0.0
2  10    5000.0   10.0    0.0    0.0
2  11    5500.0   10.0    0.0    0.0
2  12    6000.0   10.0    0.0    0.0
2  13    6500.0   10.0    0.0    0.0
2  14    7000.0   10.0    0.0    0.0
2  15    7500.0   10.0    0.0    0.0
2  16    8000.0   10.0    0.0    0.0
2  17    8500.0   10.0    0.0    0.0
2  18    9000.0   10.0    0.0    0.0
2  19    9500.0   10.0    0.0    0.0
2  20   10000.0   10.0    0.0    0.0
2  21   10500.0   10.0    0.0    0.0
2  22   11000.0   10.0    0.0    0.0
2  23   11500.0   10.0    0.0    0.0
2  24   12000.0   10.0    0.0    0.0
619 -------------------------------------- 619
Control point for Paolo Pirazzoli 
Adriatic notch paper - 2012          
12.25 41.75  24    
2  1      500.0   10.0    0.0    0.0
2  2     1000.0   10.0    0.0    0.0
2  3     1500.0   10.0    0.0    0.0
2  4     2000.0   10.0    0.0    0.0
2  5     2500.0   10.0    0.0    0.0
2  6     3000.0   10.0    0.0    0.0
2  7     3500.0   10.0    0.0    0.0
2  8     4000.0   10.0    0.0    0.0
2  9     4500.0   10.0    0.0    0.0
2  10    5000.0   10.0    0.0    0.0
2  11    5500.0   10.0    0.0    0.0
2  12    6000.0   10.0    0.0    0.0
2  13    6500.0   10.0    0.0    0.0
2  14    7000.0   10.0    0.0    0.0
2  15    7500.0   10.0    0.0    0.0
2  16    8000.0   10.0    0.0    0.0
2  17    8500.0   10.0    0.0    0.0
2  18    9000.0   10.0    0.0    0.0
2  19    9500.0   10.0    0.0    0.0
2  20   10000.0   10.0    0.0    0.0
2  21   10500.0   10.0    0.0    0.0
2  22   11000.0   10.0    0.0    0.0
2  23   11500.0   10.0    0.0    0.0
2  24   12000.0   10.0    0.0    0.0
620 -------------------------------------- 620
Control point for Paolo Pirazzoli 
Adriatic notch paper - 2012          
10.75 42.75 24    
2  1      500.0   10.0    0.0    0.0
2  2     1000.0   10.0    0.0    0.0
2  3     1500.0   10.0    0.0    0.0
2  4     2000.0   10.0    0.0    0.0
2  5     2500.0   10.0    0.0    0.0
2  6     3000.0   10.0    0.0    0.0
2  7     3500.0   10.0    0.0    0.0
2  8     4000.0   10.0    0.0    0.0
2  9     4500.0   10.0    0.0    0.0
2  10    5000.0   10.0    0.0    0.0
2  11    5500.0   10.0    0.0    0.0
2  12    6000.0   10.0    0.0    0.0
2  13    6500.0   10.0    0.0    0.0
2  14    7000.0   10.0    0.0    0.0
2  15    7500.0   10.0    0.0    0.0
2  16    8000.0   10.0    0.0    0.0
2  17    8500.0   10.0    0.0    0.0
2  18    9000.0   10.0    0.0    0.0
2  19    9500.0   10.0    0.0    0.0
2  20   10000.0   10.0    0.0    0.0
2  21   10500.0   10.0    0.0    0.0
2  22   11000.0   10.0    0.0    0.0
2  23   11500.0   10.0    0.0    0.0
2  24   12000.0   10.0    0.0    0.0
720 -------------------------------------- 720
South Georgia  
South Georgia - 
-37.0  -54.5  24    
2  1      500.0   10.0    0.0    0.0
2  2     1000.0   10.0    0.0    0.0
2  3     1500.0   10.0    0.0    0.0
2  4     2000.0   10.0    0.0    0.0
2  5     2500.0   10.0    0.0    0.0
2  6     3000.0   10.0    0.0    0.0
2  7     3500.0   10.0    0.0    0.0
2  8     4000.0   10.0    0.0    0.0
2  9     4500.0   10.0    0.0    0.0
2  10    5000.0   10.0    0.0    0.0
2  11    5500.0   10.0    0.0    0.0
2  12    6000.0   10.0    0.0    0.0
2  13    6500.0   10.0    0.0    0.0
2  14    7000.0   10.0    0.0    0.0
2  15    7500.0   10.0    0.0    0.0
2  16    8000.0   10.0    0.0    0.0
2  17    8500.0   10.0    0.0    0.0
2  18    9000.0   10.0    0.0    0.0
2  19    9500.0   10.0    0.0    0.0
2  20   10000.0   10.0    0.0    0.0
2  21   10500.0   10.0    0.0    0.0
2  22   11000.0   10.0    0.0    0.0
2  23   11500.0   10.0    0.0    0.0
2  24   12000.0   10.0    0.0    0.0
