 101  57.0  -77.0 10 RICHMOND GULF QUE.    
  833.0000  200.0000   10.0000    1.4000
 1666.0001  200.0000   20.0000    3.0000
 2023.0001  200.0000   27.0000    4.0000
 2856.0001  200.0000   33.0000    4.9000
 4046.0002  200.0000   60.0000    8.9000
 4879.0002  200.0000   80.0000   11.9000
 6426.0003  200.0000  125.0000   18.7000
 7616.0004  200.0000  145.0000   21.7000
 8568.0004  200.0000  197.0000   29.5000
 9877.0005  300.0000  256.0000   38.4000
 102  53.0  -79.0  7 JAMES BAY QUE.        
 1190.0001  200.0000   15.0000    2.2000
 2380.0001  200.0000   30.0000    4.5000
 3570.0002  200.0000   50.0000    7.4000
 4760.0002  200.0000   80.0000   11.9000
 5950.0003  200.0000  105.0000   15.7000
 7140.0003  200.0000  155.0000   23.2000
 8330.0004  200.0000  250.0000   37.5000
 103  55.0  -82.5  7 C. HENRIETTA MARIA ONT
 1190.0001  200.0000   16.0000    3.0000
 2380.0001  200.0000   34.0000    5.0000
 3570.0002  200.0000   51.0000    7.6000
 4760.0002  200.0000   69.0000   10.3000
 5950.0003  200.0000   90.0000   13.4000
 7140.0003  200.0000  115.0000   17.2000
 8330.0004  200.0000  138.0000   20.6000
 104  58.0  -94.0  7 CHURCHILL MAN.        
 1190.0001  200.0000    8.0000    3.0000
 2380.0001  200.0000   21.0000    3.1000
 3570.0002  200.0000   36.0000    5.3000
 4760.0002  200.0000   54.0000    8.0000
 5950.0003  200.0000   74.0000   11.0000
 7140.0003  200.0000  100.0000   14.9000
 8330.0004  200.0000  133.0000   19.9000
 105  64.5  -95.0  4 KEEWATIN NWT.         
 4760.0002  200.0000   60.0000    8.9000
 5950.0003  200.0000   77.0000   11.5000
 7140.0003  200.0000  103.0000   15.4000
 8330.0004  200.0000  140.0000   20.9000
 106  59.8  -80.3 10 OTTAWA IS. NWT.       
 1190.0001  200.0000    2.0000    2.0000
 1428.0001  200.0000    2.0000    1.0000
 2380.0001  200.0000    7.0000    2.0000
 3570.0002  200.0000   16.0000    3.0000
 4165.0002  200.0000   10.0000    1.4000
 4760.0002  200.0000   29.0000    4.3000
 5950.0003  200.0000   47.0000    7.0000
 7140.0003  200.0000   76.0000   11.3000
 7854.0004  200.0000   94.0000   14.0000
 8330.0004  200.0000  124.0000   20.0000
 107  64.5  -84.0  7 SOUTHAMPTON IS. NWT.  
 1190.0001  200.0000    5.0000    2.0000
 2380.0001  200.0000   10.0000    3.0000
 3570.0002  200.0000   21.0000    5.0000
 4760.0002  200.0000   38.0000    6.0000
 5950.0003  200.0000   63.0000    9.4000
 7140.0003  200.0000   97.0000   14.5000
 8330.0004  200.0000  130.0000   19.4000
 108  62.0  -75.0  7 UNGAVA PEN. QUE.      
 1190.0001  200.0000    1.0000    1.0000
 2380.0001  200.0000    3.0000    1.0000
 3570.0002  200.0000    6.0000    2.0000
 4760.0002  200.0000   13.0000    3.0000
 5950.0003  200.0000   29.0000    4.3000
 7140.0003  200.0000   51.0000    7.6000
 8330.0004  200.0000  110.0000   16.4000
 109  53.0  -60.0  7 GOOSE BAY LAB.        
 1904.0001  200.0000    9.0000    1.3000
 2380.0001  200.0000   10.0000    1.4000
 2499.0001  200.0000   11.0000    1.6000
 3689.0002  200.0000   24.0000    3.6000
 5712.0003  200.0000   30.0000    4.5000
 6307.0003  200.0000   33.0000    4.9000
 7140.0003  200.0000  110.0000   16.4000
 110  54.2  -58.0  7 HAMILTON INLET LAB.   
 2737.0001  200.0000    4.0000    1.0000
 2975.0001  200.0000    5.0000    1.0000
 4522.0002  200.0000    7.0000    1.0000
 5355.0003  200.0000    8.0000    1.1000
 6069.0003  200.0000   15.0000    2.2000
 6426.0003  200.0000   12.0000    1.8000
10234.0005  300.0000   50.0000    7.4000
 111  63.0  -70.0  4 C. TANFIELD BAF.      
 1190.0001  200.0000    1.0000    1.0000
 2380.0001  200.0000    2.0000    1.0000
 4760.0002  200.0000    6.0000    3.0000
 9520.0005  300.0000   80.0000   20.0000
 112  62.3  -66.3  6 JACKMAN SOUND BAF.    
 9520.0005  300.0000    9.5000    1.4000
 9758.0005  300.0000   29.0000    4.3000
 9877.0005  300.0000   20.0000    3.0000
10115.0005  300.0000   46.0000    6.8000
10234.0005  300.0000   38.0000    5.6000
10591.0005  500.0000   69.0000   10.3000
 113  62.8  -65.5  8 WARWICK SOUND BAF.    
 1666.0001  300.0000   -5.0000    1.0000
10472.0005  300.0000   29.0000    4.3000
10591.0005  300.0000   17.0000    2.5000
10829.0005  300.0000   26.0000    3.9000
10948.0005  300.0000   15.0000    2.2000
11305.0005  300.0000   42.0000    6.2000
12019.0006  400.0000   73.0000   10.9000
12852.0006  400.0000   79.0000   11.8000
 114  63.7  -68.6  6 BURTON BAY BAF.       
 4879.0002  200.0000   15.0000    2.2000
 7259.0003  200.0000   15.0000    2.2000
 8092.0004  200.0000   27.0000    4.0000
 8449.0004  200.0000   26.0000    3.9000
 8925.0004  300.0000   43.0000    6.4000
 9758.0005  300.0000   95.0000   14.2000
 115  67.4  -65.0  3 MAKTAK FIORD BAF.     
 1071.0001  200.0000    5.0000    1.0000
 6307.0003  900.0000   18.0000    2.7000
 7497.0004  200.0000   19.0000    2.8000
 116  67.5  -64.0  2 BROUGHTON IS. BAF.    
 6307.0003  500.0000   27.0000    4.0000
11781.0006  300.0000    3.0000    1.0000
 117  67.7  -65.4  5 NARPAING FIORD BAF.   
  714.0000  200.0000    1.0000    1.0000
 4165.0002  200.0000    4.0000    1.0000
 5831.0003  200.0000   11.0000    1.6000
 8092.0004  200.0000   18.0000    2.7000
 9520.0005  300.0000   47.0000    7.0000
 118  68.0  -66.0  2 OKOA FIORD BAF.       
 5712.0003  200.0000    9.0000    1.3000
 9996.0005  300.0000   49.0000    7.3000
 119  67.5  -66.0  2 NEOLUKSEAK FIORD BAF. 
 5712.0003  200.0000    8.0000    3.0000
 9401.0005  300.0000   40.0000    5.9000
 120  69.0  -68.7  4 HOME BAY BAF.         
 4284.0002  200.0000    5.0000    2.0000
 7259.0003  200.0000   24.0000    4.0000
 9877.0005  300.0000   75.0000   11.2000
 9996.0005  300.0000   75.0000   11.2000
 121  70.0  -68.0  4 INUGSUIN FIORD BAF.   
 7140.0003  200.0000    8.0000    4.0000
 8330.0004  200.0000   13.0000    4.0000
 9520.0005  300.0000   21.0000    4.0000
10710.0005  300.0000   28.0000    4.2000
 122  70.0  -71.5  6 SAM FORD FIORD BAF.   
 3570.0002  200.0000    7.0000    2.0000
 4760.0002  200.0000   12.0000    2.0000
 5950.0003  200.0000   19.0000    3.0000
 7140.0003  200.0000   28.0000    4.2000
 8330.0004  200.0000   41.0000    6.1000
 9520.0005  300.0000   60.0000    8.9000
 123  71.4  -74.6  3 CAMBRIDGE FIORD BAF.  
 8687.0004  200.0000   21.0000    3.1000
 9282.0004  300.0000   73.0000   10.9000
 9639.0005  300.0000   26.0000    3.9000
 124  72.3  -79.0  7 TAY SOUND BAF.        
 2380.0001  200.0000    3.0000    3.0000
 3570.0002  200.0000    6.0000    4.0000
 4760.0002  200.0000   15.0000    6.0000
 5950.0003  200.0000   30.0000    9.0000
 7140.0003  200.0000   45.0000   12.0000
 8330.0004  200.0000   63.0000   12.0000
 9520.0005  300.0000   87.0000   15.0000
 125  72.0  -80.0  6 MILNE INLET BAF.      
 3570.0002  200.0000   14.0000    5.0000
 4760.0002  200.0000   23.0000    7.0000
 5950.0003  200.0000   36.0000    7.0000
 7140.0003  200.0000   52.0000    7.7000
 8330.0004  200.0000   66.0000    9.8000
 9520.0005  300.0000   83.0000   12.4000
 126  69.0  -74.0  6 BAIRD PEN. BAF.       
 2380.0001  200.0000    8.0000    2.0000
 3570.0002  200.0000   16.0000    2.4000
 4760.0002  200.0000   27.0000    4.0000
 5950.0003  200.0000   44.0000    6.5000
 7140.0003  200.0000   69.0000   10.3000
 8330.0004  200.0000  109.0000   16.3000
 127  69.0  -75.5  6 IPIK BAY BAF.         
 1190.0001  200.0000    3.0000    2.0000
 2380.0001  200.0000    8.0000    2.0000
 3570.0002  200.0000   14.0000    4.0000
 4760.0002  200.0000   23.0000    5.0000
 5950.0003  200.0000   43.0000   10.0000
 7140.0003  200.0000   73.0000   11.0000
 128  70.9  -86.7  3 AGU BAY BAF.          
 8568.0004  200.0000   90.0000   13.4000
 9163.0004  300.0000   98.0000   14.6000
10472.0005  300.0000  121.0000   18.1000
 129  71.0  -85.0  4 BRODEUR PEN. BAF.     
 1071.0001  200.0000    3.0000    1.0000
 8330.0004  200.0000   93.0000   13.9000
 9044.0004  300.0000   90.0000   13.4000
10353.0005  300.0000  122.0000   18.2000
 130  69.5  -82.0  5 N. MELVILLE PEN.      
  714.0000  200.0000    4.0000    1.0000
 1309.0001  200.0000    7.0000    1.0000
 3451.0002  200.0000   20.0000    3.0000
 4760.0002  200.0000   24.0000    3.6000
 9520.0005  300.0000  168.0000   25.1000
 131  69.0  -82.0  7 IGLOOLIK IS. NWT.     
 1190.0001  200.0000    6.0000    2.0000
 2380.0001  200.0000   14.0000    3.0000
 3570.0002  200.0000   24.0000    5.0000
 4760.0002  200.0000   36.0000    6.0000
 5950.0003  200.0000   53.0000   13.0000
 7140.0003  200.0000   80.0000   20.0000
 8330.0004  200.0000  135.0000   20.2000
 132  69.0  -92.0  5 BOOTHIA PEN. NWT.     
 4760.0002  200.0000   22.0000    3.3000
 5950.0003  200.0000   29.0000    4.3000
 7140.0003  200.0000   40.0000    5.9000
 8330.0004  200.0000   52.0000    8.0000
 9520.0005  300.0000  100.0000   25.0000
 133  67.5 -107.0  8 BATHURST INLET NWT.   
 1190.0001  200.0000    1.0000    2.0000
 2380.0001  200.0000    8.0000    5.0000
 3570.0002  200.0000   16.0000    5.0000
 4760.0002  200.0000   27.0000    7.0000
 5950.0003  200.0000   44.0000   11.0000
 7140.0003  200.0000   65.0000   13.0000
 8330.0004  200.0000   95.0000   15.0000
 9520.0005  300.0000  145.0000   25.0000
 134  70.0 -133.0  4 TUKTOYAKTUK PEN. NWT. 
 4403.0002  200.0000  -20.5000    3.0000
 7854.0004  200.0000  -29.6000    4.4000
 9163.0004  300.0000  -41.7000    6.2000
10472.0005  300.0000  -41.9000    6.2000
 135  72.8  -93.6  6 S. SOMERSET IS.       
 4760.0002  200.0000   18.0000    3.0000
 5950.0003  200.0000   22.0000    5.0000
 7140.0003  200.0000   30.0000    5.0000
 8330.0004  200.0000   36.0000    6.0000
 9520.0005  300.0000   47.0000    7.0000
10710.0005  300.0000   90.0000   23.0000
 136  74.0  -93.7  9 N. SOMERSET IS.       
 1190.0001  200.0000    3.0000    2.0000
 2380.0001  200.0000    6.0000    2.0000
 3570.0002  200.0000    9.0000    3.0000
 4760.0002  200.0000   12.0000    4.0000
 5950.0003  200.0000   17.0000    5.0000
 7140.0003  200.0000   22.0000    6.0000
 8330.0004  200.0000   28.0000    7.0000
 9520.0005  300.0000   44.0000    8.0000
10710.0005  300.0000   92.0000   20.0000
 137  73.7  -99.0  4 N. PRINCE OF WALES IS.
11305.0005  300.0000   88.0000   13.1000
11662.0006  300.0000   95.0000   14.2000
12376.0006  400.0000  120.0000   17.9000
13090.0006  400.0000  133.0000   30.0000
 138  73.0 -111.0  3 N. VICTORIA IS.       
11781.0006  300.0000   41.0000    6.1000
13566.0007  400.0000   82.0000   12.2000
14042.0007  400.0000  105.0000   15.7000
 139  75.0 -109.0  6 S. MELVILLE IS.       
  714.0000  200.0000    1.6000    1.0000
 1428.0001  200.0000    1.8000    1.0000
 2023.0001  200.0000    1.8000    1.0000
11305.0005  300.0000   38.0000    5.6000
12495.0006  400.0000   60.0000    8.9000
13685.0007  400.0000   80.0000   11.9000
 140  76.0 -100.0  6 BATHURST IS.          
 4760.0002  200.0000   27.0000    8.0000
 5950.0003  200.0000   38.0000   12.0000
 7140.0003  200.0000   50.0000   16.0000
 8330.0004  200.0000   65.0000   18.0000
 9520.0005  300.0000   80.0000   20.0000
10710.0005  300.0000  120.0000   30.0000
 141  75.0  -95.0  6 CORNWALLIS IS.        
 4760.0002  200.0000   21.0000    6.0000
 5950.0003  200.0000   27.0000    7.0000
 7140.0003  200.0000   35.0000    8.0000
 8330.0004  200.0000   48.0000    9.0000
 9520.0005  300.0000   70.0000   13.0000
10710.0005  300.0000  110.0000   30.0000
 142  76.0  -90.0  1 BOAT PT. DEV.         
 6188.0003  200.0000   26.5000    3.9000
 143  75.6  -84.6  4 TRUELOVE INLET DEV.   
 2856.0001  200.0000    3.0000    1.0000
 3451.0002  200.0000    4.0000    1.0000
 6188.0003  200.0000   12.0000    1.8000
 9639.0005  300.0000   43.0000    6.4000
 144  76.5  -88.0  8 C. STORM ELL.         
 1190.0001  200.0000    3.0000    1.0000
 2380.0001  200.0000    6.0000    1.0000
 3570.0002  200.0000   10.0000    1.5000
 4760.0002  200.0000   13.5000    2.0000
 5950.0003  200.0000   21.0000    3.1000
 7140.0003  200.0000   30.0000    4.5000
 8330.0004  200.0000   40.0000    5.9000
 9520.0005  300.0000   59.0000    8.8000
 145  76.5  -84.0  7 S. CAPE FIORD ELL.    
 2380.0001  200.0000    4.5000    1.0000
 3570.0002  200.0000    8.0000    1.5000
 4760.0002  200.0000   13.5000    2.0000
 5950.0003  200.0000   20.0000    3.0000
 7140.0003  200.0000   25.5000    3.8000
 8330.0004  200.0000   38.0000    5.6000
 9520.0005  300.0000   57.0000    8.5000
 146  78.5  -86.0  8 BAY FIORD ELL.        
 1190.0001  200.0000    2.0000    1.0000
 2380.0001  200.0000    5.5000    2.0000
 3570.0002  200.0000   12.0000    3.0000
 4760.0002  200.0000   17.0000    4.0000
 5950.0003  200.0000   27.0000    5.0000
 7140.0003  200.0000   36.0000    8.0000
 8330.0004  200.0000   55.0000    8.2000
 9520.0005  300.0000   88.0000   13.1000
 147  80.0  -88.0  9 E. AXEL HEIBERG IS.   
 1190.0001  200.0000    5.0000    2.0000
 2380.0001  200.0000   11.0000    3.0000
 3570.0002  200.0000   18.0000    5.0000
 4760.0002  200.0000   24.0000    6.0000
 5950.0003  200.0000   35.0000    7.0000
 7140.0003  200.0000   45.0000    7.0000
 8330.0004  200.0000   61.0000    9.1000
 9520.0005  300.0000   93.0000   13.9000
10710.0005  300.0000  140.0000   30.0000
 148  81.0  -78.0  4 TANQUARY FIORD ELL.   
 4998.0002  200.0000    9.0000    1.3000
 6783.0003  200.0000   13.0000    2.0000
 7497.0004  200.0000   25.0000    5.0000
 8092.0004  200.0000   56.0000    8.3000
 149  81.2  -69.0  3 ARCHER FIORD ELL.     
 6545.0003  200.0000   50.0000    7.4000
 8211.0004  200.0000   88.0000   13.1000
13090.0006  400.0000   98.0000   14.6000
 150  81.5  -65.5  2 C. BAIRD ELL.         
 8806.0004  200.0000  102.0000   15.2000
12852.0006  400.0000  110.0000   16.4000
 151  81.7  -66.0  7 DISCOVERY HARBOUR ELL.
 4641.0002  300.0000   20.0000    3.0000
 5474.0003  200.0000   61.0000    9.1000
 7735.0004  200.0000   72.0000   10.7000
 8092.0004  200.0000   78.0000   11.6000
 8330.0004  300.0000   72.0000   10.7000
 8806.0004  200.0000   81.0000   12.1000
 9282.0004  300.0000  103.0000   15.4000
 152  82.5  -63.0  5 ALERT ELL.            
 1190.0001  200.0000    2.0000    1.0000
 2380.0001  200.0000    5.5000    1.0000
 5593.0003  200.0000   23.0000    3.4000
 6426.0003  200.0000   35.0000    5.2000
 8330.0004  200.0000   65.0000   10.0000
 153  82.6  -68.0  7 CLEM. MARKHAM INLET EL
 2618.0001  200.0000    6.0000    1.0000
 4998.0002  200.0000   21.0000    3.1000
 5474.0003  200.0000   22.5000    3.3000
 7616.0004  200.0000   43.0000    6.4000
 7973.0004  200.0000   59.0000    8.8000
 9282.0004  300.0000   72.0000   10.7000
10115.0005  300.0000   93.0000   13.9000
 154  83.1  -74.0  4 WARD HUNT IS. ELL.    
 5593.0003  200.0000    7.0000    3.0000
 7140.0003  200.0000   12.0000    3.0000
 8330.0004  200.0000   42.0000   10.0000
 9282.0004  300.0000   64.0000   12.0000
 155  82.6  -72.8 10 THORES R. ELL.        
 4760.0002  200.0000    2.0000    5.0000
 6783.0003  200.0000   21.0000   15.0000
 7735.0004  200.0000   23.0000   15.0000
 8211.0004  200.0000    6.0000   10.0000
 8449.0004  200.0000   32.0000   15.0000
 8687.0004  200.0000   33.0000   15.0000
 9282.0004  300.0000   66.0000   10.0000
 9520.0005  300.0000   66.0000   10.0000
 9758.0005  300.0000   66.0000   10.0000
12019.0006  400.0000   66.0000   10.0000
 156  82.8  -73.8  5 DISRAELI FIORD ELL.   
 5831.0003  200.0000   15.0000    3.0000
 6426.0003  200.0000    7.0000    3.0000
 7735.0004  200.0000   19.0000    7.0000
 9639.0005  300.0000   45.0000   20.0000
10472.0005  300.0000   46.0000   20.0000
 157  83.0  -75.7  1 RAMBOW HILL ELL.      
 7140.0003  200.0000   33.0000    4.9000
 158  82.6  -75.7  2 M'CLINTOCK INLET ELL. 
 9282.0004  300.0000   36.0000   10.0000
10591.0005  300.0000   84.0000   12.5000
 159  82.0  -85.0  6 PHILLIPS INLET ELL.   
 5117.0002  200.0000    9.0000    1.3000
 8449.0004  200.0000   58.0000   15.0000
 8925.0004  300.0000   55.0000   15.0000
 9282.0004  300.0000   54.0000   15.0000
 9520.0005  300.0000   54.0000   15.0000
 9877.0005  300.0000   67.0000   20.0000
 160  81.6  -60.2  6 HALL LAND GRL.        
 5593.0003  200.0000   10.0000    1.4000
 8806.0004  200.0000  102.0000   15.2000
 9758.0005  300.0000   56.0000    8.3000
10234.0005  300.0000   82.0000   12.2000
10710.0005  300.0000  105.0000   15.7000
11424.0005  300.0000  110.0000   16.4000
 161  76.8  -73.0  2 CAREY IS. GRL.        
 4046.0002  200.0000    1.5000    1.0000
 9401.0005  300.0000   20.0000    3.0000
 162  68.5  -51.5  4 DISKO BAY GRL.        
 8449.0004  200.0000   40.0000   10.0000
 9163.0004  300.0000   52.0000   14.0000
 9401.0005  300.0000   40.0000   17.0000
10591.0005  300.0000   70.0000   26.0000
 163  67.0  -50.2  9 SONDRE STOMFJORD GRL. 
 6664.0003  200.0000    5.0000    1.0000
 6902.0003  200.0000   11.0000    1.6000
 7854.0004  200.0000   20.0000    3.0000
 8568.0004  200.0000   42.0000    6.2000
 9163.0004  300.0000   59.0000    8.8000
 9877.0005  300.0000   95.0000   14.2000
 9996.0005  300.0000   92.0000   13.7000
10234.0005  300.0000  105.0000   15.7000
10353.0005  300.0000  115.0000   17.2000
 164  64.5  -50.5  2 KAPISIGDLIT GRL.      
 5117.0002  200.0000    8.0000    1.1000
 9044.0004  300.0000   40.0000   14.0000
 165  61.0  -46.7  1 JULIANEHAAB GRL.      
 9520.0005  300.0000    3.5000    1.0000
 166  72.0  -26.0  4 SKELDAL GRL.          
 6783.0003  600.0000    4.0000    1.0000
 8211.0004  600.0000   21.0000    6.0000
 9282.0004  600.0000   36.0000    5.3000
10472.0005  600.0000   59.0000    8.8000
 167  72.0  -24.0  6 MESTERS VIG GRL.      
  833.0000  600.0000    3.0000    1.0000
 3570.0002  600.0000    4.0000    1.0000
 6664.0003  600.0000    4.0000    1.0000
 8211.0004  600.0000    8.5000    1.2000
 8925.0004  600.0000   20.0000    3.0000
 9520.0005  600.0000   29.0000    4.3000
 168  80.1  -20.7  4 K. FREDERICK VIII LAND
 4046.0002  200.0000    7.0000    1.0000
 5950.0003  200.0000   21.0000    3.1000
 8092.0004  200.0000   41.0000    6.1000
 8925.0004  300.0000   67.0000   10.0000
 169  82.0  -31.0  5 J. BRONLUND FJORD GRL.
 3927.0002  200.0000   13.0000    1.9000
 4879.0002  200.0000   14.0000    2.1000
 5355.0003  200.0000   21.0000    3.1000
 7021.0003  600.0000   65.0000    9.7000
10234.0005  300.0000   80.0000   11.9000
 201  69.0   35.0  1 KOLA BAY USSR.        
11305.0005  300.0000   57.0000    8.5000
 202  70.0   29.0  8 VARANGER FJORD NOR.   
 1190.0001  200.0000    5.0000    1.0000
 2380.0001  200.0000   10.0000    1.4000
 3570.0002  200.0000   15.0000    2.2000
 4760.0002  200.0000   21.0000    3.1000
 5950.0003  200.0000   28.0000    4.2000
 7140.0003  200.0000   34.0000    5.0000
 8330.0004  200.0000   37.0000    5.5000
 9520.0005  300.0000   37.0000    5.5000
 203  71.0   24.0  5 INGOY NOR.            
 3570.0002  200.0000    9.0000    1.3000
 4760.0002  200.0000   13.0000    1.9000
 5950.0003  200.0000   19.0000    2.8000
 7140.0003  200.0000   24.0000    3.6000
 8330.0004  200.0000   30.0000    4.5000
 204  70.0   21.0  5 SKJAEAFASSEN NOR.     
 3570.0002  200.0000    5.0000    1.0000
 4760.0002  200.0000    6.0000    1.0000
 5950.0003  200.0000    8.0000    1.1000
 7140.0003  200.0000    5.0000    1.0000
 8330.0004  200.0000    4.0000    1.0000
 205  69.5   18.0  6 KVALVIKA NOR.         
 3570.0002  200.0000    6.0000    1.0000
 4760.0002  200.0000    8.0000    1.1000
 5950.0003  200.0000   13.0000    1.9000
 7140.0003  200.0000   14.0000    2.1000
 8330.0004  200.0000   14.0000    2.1000
13328.0006  400.0000   60.0000    8.9000
 206  69.1   16.0  8 AND FJORD NOR.        
 2618.0001  200.0000    2.7000    1.0000
 3213.0002  200.0000    3.7000    1.0000
 3689.0002  200.0000    4.7000    1.0000
 4046.0002  200.0000    3.3000    1.0000
 7259.0003  200.0000    4.1000    1.0000
13566.0007  400.0000   73.0000   10.9000
13923.0007  400.0000   73.0000   10.9000
15232.0007  500.0000   78.0000   11.6000
 207  63.8   11.0  8 VERDALSOYA NOR.       
 2142.0001  200.0000   10.0000    1.4000
 4641.0002  200.0000   25.0000    3.7000
 7140.0003  200.0000   50.0000    7.4000
 8806.0004  200.0000   64.0000    9.5000
 9639.0005  300.0000   68.0000   10.1000
10472.0005  300.0000   86.0000   12.8000
10710.0005  300.0000  113.0000   16.9000
11781.0006  300.0000  172.0000   25.8000
 208  63.6   10.6  9 FROSTA NOR.           
 4760.0002  200.0000   26.0000    3.9000
 7140.0003  200.0000   43.0000    6.4000
 9877.0005  300.0000   72.0000   10.7000
10353.0005  300.0000   91.0000   13.6000
11424.0005  300.0000  109.0000   16.3000
11543.0006  300.0000  119.0000   17.8000
11662.0006  300.0000  142.0000   21.2000
12257.0006  400.0000  156.0000   23.3000
12614.0006  400.0000  170.0000   25.4000
 209  63.7    9.6 12 BJUGN NOR.            
 2975.0001  200.0000    9.0000    1.3000
 4760.0002  200.0000   17.0000    2.5000
 5712.0003  200.0000   22.0000    3.3000
 6188.0003  200.0000   27.0000    4.0000
 7259.0003  200.0000   32.0000    4.8000
10472.0005  300.0000   43.0000    6.4000
10948.0005  300.0000   52.0000    7.7000
11186.0005  300.0000   63.0000    9.4000
11543.0006  300.0000   92.0000   13.7000
11781.0006  300.0000   10.4000    1.5000
12376.0006  400.0000  116.0000   17.3000
13566.0007  400.0000  118.0000   17.6000
 210  63.6    8.5  5 FROYA NOR.            
 5831.0003  200.0000   15.0000    2.2000
 6307.0003  200.0000   14.0000    2.1000
10948.0005  300.0000   28.0000    4.2000
11543.0006  300.0000   39.0000    5.8000
12257.0006  400.0000   44.0000    6.5000
 211  63.4    8.8  6 HITRA NOR.            
 6188.0003  200.0000   18.0000    2.7000
11543.0006  300.0000   61.0000    9.1000
11662.0006  300.0000   41.0000    6.1000
11781.0006  300.0000   76.0000   11.3000
14399.0007  400.0000   97.0000   14.5000
14994.0007  500.0000   97.0000   14.5000
 212  62.8    8.2  2 TINGVOLL NOR.         
12614.0006  400.0000   90.0000   13.4000
14042.0007  400.0000  113.0000   16.9000
 213  62.7    6.2  2 SKULOY NOR.           
 8687.0004  200.0000    9.0000    1.3000
11305.0005  300.0000    9.0000    1.3000
 214  62.4    6.6  4 STETTE NOR.           
12138.0006  400.0000   38.0000    5.6000
12614.0006  400.0000   39.0000    5.8000
12852.0006  400.0000   42.0000    6.2000
14518.0007  700.0000   48.0000    7.1000
 215  62.3    6.2  7 SULA NOR.             
 5117.0002  200.0000    7.0000    1.0000
 8925.0004  300.0000   13.0000    1.9000
 9758.0005  300.0000    7.0000    1.0000
 9996.0005  300.0000   10.0000    1.4000
11900.0006  400.0000   26.0000    3.9000
13328.0006  400.0000   31.0000    4.6000
14042.0007  400.0000   35.0000    5.2000
 216  62.2    5.6  6 LEINOY NOR.           
12495.0006  400.0000    6.0000    1.0000
12971.0006  400.0000    6.0000    1.0000
13804.0007  400.0000    8.5000    1.2000
14399.0007  400.0000   17.0000    2.5000
14637.0007  700.0000   23.0000    3.4000
14756.0007  400.0000   19.0000    2.8000
 217  62.0    5.3  2 BORGUNDVAG NOR.       
 7378.0004  200.0000    5.0000    1.0000
 9996.0005  300.0000   -2.0000    1.0000
 218  61.1    6.0  1 SOGNE FJORD NOR.      
12257.0006  400.0000   20.0000    3.0000
 219  60.8    5.0  9 FONNES NOR.           
 1190.0001  200.0000    1.0000    1.0000
 2380.0001  200.0000    2.0000    1.0000
 3570.0002  200.0000    5.0000    1.0000
 4760.0002  200.0000    7.0000    1.0000
 5950.0003  200.0000    9.0000    1.3000
 7140.0003  200.0000   10.0000    1.4000
 8330.0004  200.0000   14.0000    2.1000
 9520.0005  300.0000    8.0000    1.1000
10710.0005  300.0000    5.0000    1.0000
 220  60.2    5.0  4 BERGEN NOR.           
 8806.0004  200.0000   11.4000    1.7000
11781.0006  300.0000   23.6000    3.5000
12257.0006  400.0000   32.3000    4.8000
12971.0006  400.0000   38.2000    5.7000
 221  59.0    5.5  7 JAEREN NOR.           
 1190.0001  500.0000    1.0000    1.0000
 2380.0001  500.0000    1.0000    1.0000
 3570.0002  500.0000    2.0000    1.0000
 4760.0002  500.0000    4.0000    1.0000
 9520.0005  500.0000    4.0000    1.0000
10710.0005  500.0000    1.0000    1.0000
11900.0006  500.0000    5.0000    1.0000
 222  58.0    6.7  9 LISTA NOR.            
 1190.0001  200.0000    1.0000    1.0000
 2380.0001  200.0000    2.0000    1.0000
 3570.0002  200.0000    3.0000    1.0000
 4760.0002  200.0000    7.0000    1.0000
 5950.0003  200.0000    3.0000    1.0000
 7140.0003  200.0000    3.0000    1.0000
 8330.0004  200.0000    2.0000    1.0000
 9520.0005  300.0000   -8.0000    1.1000
10710.0005  300.0000  -11.0000    1.6000
 223  58.0    7.7  2 MANDAL NOR.           
 3689.0002  200.0000    4.0000    1.0000
 8092.0004  200.0000    8.0000    1.1000
 224  60.0   10.9  4 OSLO NOR.             
 2975.0001  200.0000    9.0000    1.3000
 5950.0003  200.0000   26.0000    3.9000
 9758.0005  300.0000   75.0000   11.2000
11305.0005  300.0000  142.0000   21.2000
 225  59.5   11.0  4 S. OSTFOLD NOR.       
 2975.0001  200.0000    8.0000    1.1000
 5950.0003  200.0000   20.0000    3.0000
 9758.0005  300.0000   60.0000    8.9000
11305.0005  300.0000  115.0000   17.2000
 226  58.6   11.2  8 FJALLBACKA SWE.       
 1190.0001  200.0000    6.0000    1.0000
 2380.0001  200.0000   10.0000    1.4000
 3570.0002  200.0000   17.0000    2.5000
 4760.0002  200.0000   23.0000    3.4000
 5950.0003  200.0000   30.0000    4.5000
 7140.0003  200.0000   38.0000    5.6000
 8330.0004  200.0000   47.0000    7.0000
 9520.0005  300.0000   57.0000    8.5000
 227  57.7   11.7  9 GOTEBORG SWE.         
 1190.0001  200.0000    1.0000    1.0000
 2380.0001  200.0000    6.0000    1.0000
 3570.0002  200.0000    9.0000    1.3000
 4760.0002  200.0000   13.0000    1.9000
 5950.0003  200.0000   17.0000    2.5000
 7140.0003  200.0000   23.0000    3.4000
 8330.0004  200.0000   24.0000    3.6000
 9520.0005  300.0000   18.0000    2.7000
10710.0005  300.0000   19.0000    2.8000
 228  57.3   12.0  9 ONSALA SWE.           
 1190.0001  200.0000    1.0000    1.0000
 2380.0001  200.0000    4.0000    1.0000
 3570.0002  200.0000    7.0000    1.0000
 4760.0002  200.0000   10.0000    1.4000
 5950.0003  200.0000    9.0000    1.3000
 7140.0003  200.0000   16.0000    2.4000
 8330.0004  200.0000   19.0000    2.8000
 9520.0005  300.0000   15.0000    2.2000
10710.0005  300.0000    8.0000    1.1000
 229  56.5   13.0  7 SOBORG SWE.           
 1190.0001  200.0000    0.5000    1.0000
 2380.0001  200.0000    1.2000    1.0000
 3570.0002  200.0000    2.0000    1.0000
 4760.0002  200.0000    2.6000    1.0000
 5950.0003  200.0000    3.2000    1.0000
 7140.0003  200.0000    4.0000    1.0000
 8330.0004  200.0000    2.6000    1.0000
 230  55.6   12.9  2 TRELLEBORG SWE.       
 9401.0005  300.0000   -5.5000    1.0000
 9639.0005  300.0000   -3.7000    1.0000
 231  56.2   16.0  9 E. BLEKINGE SWE.      
 1190.0001  200.0000    4.0000    1.0000
 2380.0001  200.0000    5.0000    1.0000
 3570.0002  200.0000    6.0000    1.0000
 4760.0002  200.0000    5.0000    1.0000
 5950.0003  200.0000    5.0000    1.0000
 7140.0003  200.0000   -1.0000    1.0000
 8330.0004  200.0000   -2.0000    1.0000
 8925.0004  300.0000   -1.3000    1.0000
 9520.0005  300.0000   -3.0000    1.0000
 232  59.3   18.2  5 STOCKHOLM SWE.        
 2261.0001  200.0000    5.0000    1.0000
 4998.0002  200.0000   22.0000    3.3000
 5950.0003  200.0000   36.0000    5.3000
 6188.0003  200.0000   41.0000    6.1000
 7378.0004  200.0000   55.0000    8.2000
 233  63.0   18.0  7 ANGERMANLAND SWE.     
 1190.0001  200.0000   11.0000    1.6000
 2380.0001  200.0000   26.0000    3.9000
 3570.0002  200.0000   40.0000    5.9000
 4760.0002  200.0000   57.0000    8.5000
 5950.0003  200.0000   78.0000   11.6000
 7140.0003  200.0000   97.0000   14.5000
 8330.0004  200.0000  125.0000   18.7000
 234  62.3   21.4  9 KRISTIINANKAUPUNKI FIN
 1190.0001  200.0000   17.0000    2.5000
 2380.0001  200.0000   30.0000    4.5000
 3570.0002  200.0000   43.0000    6.4000
 4760.0002  200.0000   56.0000    8.3000
 5950.0003  200.0000   66.0000    9.8000
 7140.0003  200.0000   73.0000   10.9000
 8330.0004  200.0000   82.0000   12.2000
 9520.0005  300.0000  122.0000   18.2000
10710.0005  300.0000  180.0000   27.0000
 235  60.2   24.9 10 HELSINKI FIN.         
 1190.0001  200.0000    6.0000    1.0000
 2380.0001  200.0000   10.0000    1.4000
 3570.0002  200.0000   17.0000    2.5000
 4760.0002  200.0000   20.0000    3.0000
 5950.0003  200.0000   23.0000    3.4000
 7140.0003  200.0000   22.0000    3.3000
 8330.0004  200.0000   38.0000    5.6000
 9520.0005  300.0000   31.0000    4.6000
10710.0005  300.0000   49.0000    7.3000
11900.0006  400.0000   86.0000   12.8000
 236  59.0   27.7  1 NARVA ESTONIA         
 8330.0004  200.0000    8.5000    1.2000
 237  59.0   24.5  7 TALLINN ESTONIA       
 7140.0003  200.0000   11.0000    1.6000
 7259.0003  200.0000    6.6000    1.0000
 8449.0004  300.0000   23.0000    3.4000
 8925.0004  300.0000   12.5000    1.8000
 9996.0005  300.0000   17.0000    2.5000
11424.0005  300.0000   10.0000    1.4000
11662.0006  300.0000   10.0000    1.4000
 238  58.0   22.5  1 SAREMA ESTONIA        
 4641.0002  200.0000   11.5000    1.7000
 239  57.5   10.5 12 FREDERIKSHAVN DEN.    
 2380.0001  200.0000    0.5000    1.0000
 3570.0002  200.0000    2.0000    1.0000
 4760.0002  200.0000    6.0000    1.0000
 5950.0003  200.0000   10.0000    1.4000
 7140.0003  200.0000   13.0000    1.9000
 8330.0004  200.0000   15.0000    2.2000
13447.0006  400.0000    6.0000    5.0000
13923.0007  400.0000    7.0000    5.0000
14399.0007  400.0000   16.0000   10.0000
14756.0007  400.0000   16.0000   10.0000
16660.0008  500.0000   30.0000   10.0000
17493.0008  500.0000   12.0000   10.0000
 240  55.8   10.9  1 KALUNDBERG DEN.       
10115.0005  300.0000  -25.2000    3.7000
 241  55.3   10.9  2 KORSOR DEN.           
 9401.0005  300.0000  -29.0000    4.3000
10353.0005  300.0000  -29.3000    4.3000
 242  55.0   12.0  7 PRAESTO DEN.          
 1190.0001  200.0000    1.0000    1.0000
 2380.0001  200.0000    1.0000    1.0000
 3570.0002  200.0000    0.0000    1.0000
 4760.0002  200.0000    0.0000    1.0000
 5950.0003  200.0000    0.0000    1.0000
 7140.0003  200.0000   -2.0000    1.0000
 8330.0004  200.0000   -6.0000    1.0000
 243  54.3   11.1  6 RODBYHAVN DEN.        
  595.0000  200.0000   -0.2000    1.0000
 1547.0001  200.0000   -0.5000    1.0000
 3808.0002  200.0000   -1.3000    1.0000
 5355.0003  200.0000   -2.4000    1.0000
 7021.0003  200.0000   -4.2000    1.0000
 9044.0004  300.0000  -12.5000    1.8000
 245  57.4   -7.3  1 N. UIST SCOT.         
 6783.0003  200.0000   -0.7000    1.0000
 246  56.1   -5.3  3 LOCH FYNE SCOT.       
 7378.0004  200.0000    4.3000    1.0000
13923.0007  400.0000   -0.6000    1.0000
14756.0007  400.0000    0.5000    1.0000
 247  56.1   -3.8 10 FIRTH OF FORTH SCOT.  
 1190.0001  200.0000    0.6000    1.0000
 2380.0001  200.0000    3.4000    1.0000
 3570.0002  200.0000    3.7000    1.0000
 4760.0002  200.0000    8.0000    1.1000
 5950.0003  200.0000   10.0000    1.4000
 7140.0003  200.0000   12.0000    1.8000
 8330.0004  200.0000   11.0000    1.6000
 9520.0005  300.0000    7.0000    1.0000
10710.0005  300.0000    5.0000    1.0000
11900.0006  400.0000    8.0000    1.1000
 248  56.0   -6.2  5 ORONSAY SCOT.         
 7021.0003  200.0000   11.0000    1.6000
 8449.0004  200.0000    1.0000    1.0000
 8806.0004  200.0000    1.0000    1.0000
 9758.0005  300.0000   11.7000    1.7000
14042.0007  400.0000   20.0000    3.0000
 249  55.9   -4.4  4 PORT GLASGOW SCOT.    
13209.0006  400.0000    2.0000    1.0000
14161.0007  400.0000    5.2000    1.0000
14637.0007  400.0000    6.1000    1.0000
16065.0008  500.0000    6.1000    1.0000
 250  55.4   -4.7  2 AYR SCOT.             
10710.0005  300.0000    1.8000    1.0000
11424.0005  300.0000    6.1000    1.0000
 251  54.9   -4.4  2 THE MACHARS SCOT.     
 2380.0001  200.0000    5.2000    1.0000
 7735.0004  200.0000    6.4000    1.0000
 252  54.7   -1.2 12 TEES R. ENG.          
 1190.0001  200.0000   -2.0000    1.0000
 2380.0001  200.0000    0.0000    1.0000
 3570.0002  200.0000   -4.0000    1.0000
 4760.0002  200.0000    5.0000    1.0000
 5950.0003  200.0000   -8.0000    1.1000
 7140.0003  200.0000  -12.0000    1.8000
 8330.0004  200.0000  -15.0000    2.2000
 9520.0005  300.0000  -30.0000    4.5000
10710.0005  300.0000  -43.0000    6.4000
11900.0006  400.0000  -52.0000    7.7000
13090.0006  400.0000  -57.0000    8.5000
14280.0007  400.0000  -58.0000    8.6000
 253  53.6   -0.4  9 HUMBER R. ENG.        
 3094.0001  200.0000   -1.0000    1.0000
 3332.0002  200.0000    0.3000    1.0000
 3927.0002  200.0000    0.2000    1.0000
 4165.0002  200.0000   -3.5000    1.0000
 4641.0002  200.0000   -1.8000    1.0000
 6188.0003  200.0000   -2.5000    1.0000
 7378.0004  200.0000   -2.4000    1.0000
 7973.0004  200.0000   -9.5000    1.4000
 8330.0004  200.0000  -11.6000    1.7000
 254  54.2   -3.2  7 CUMBERLAND ENG.       
  714.0000  200.0000    3.0000    1.0000
 2618.0001  200.0000    3.0000    1.0000
 4284.0002  300.0000    2.0000    1.0000
 7378.0004  300.0000    2.0000    1.0000
 8092.0004  300.0000   -5.0000    1.0000
 9401.0005  400.0000  -10.0000    1.4000
10948.0005  400.0000  -21.0000    3.1000
 255  53.5   -3.2  8 MERSEYSIDE ENG.       
 1190.0001  200.0000    1.0000    1.0000
 2380.0001  200.0000    1.0000    1.0000
 3570.0002  200.0000    0.0000    1.0000
 4760.0002  200.0000   -1.0000    1.0000
 5950.0003  200.0000   -1.0000    1.0000
 7140.0003  200.0000   -3.0000    1.0000
 8330.0004  200.0000   -7.0000    1.0000
 9520.0005  300.0000  -14.0000    2.1000
 265  54.3   -5.8  8 BELFAST N. IRE.       
 3213.0002  200.0000   -0.7000    1.0000
 4046.0002  200.0000   -1.0000    1.0000
 6783.0003  200.0000    0.5000    1.0000
 7854.0004  300.0000    1.0000    1.0000
 8568.0004  200.0000    3.0000    1.0000
 9163.0004  400.0000   -1.2000    1.0000
 9758.0005  300.0000   -0.5000    1.0000
13923.0007  400.0000   -1.3000    1.0000
 266  55.3   -7.0  1 LOUGH FOYLE N. IRE.   
 8330.0004  200.0000    4.0000    1.0000
 270  65.5  -21.8  2 STADARHOLSKIRKJA ICELA
 3689.0002  200.0000    3.0000    1.0000
15232.0007  500.0000   20.0000    3.0000
 271  64.5  -21.8  2 AKRANES ICELAND       
14399.0007  400.0000   28.0000    4.2000
15232.0007  500.0000   33.0000    4.9000
 272  64.4  -21.8  4 REYKJAVIK ICELAND     
12376.0006  400.0000    4.0000    1.0000
13447.0006  400.0000    2.0000    1.0000
14756.0007  400.0000   25.0000    3.7000
15351.0007  500.0000    2.0000    1.0000
 273  77.4   15.0  4 HORNSUND SPITS.       
 7735.0004  200.0000   12.0000    1.8000
 8687.0004  200.0000    2.0000    1.0000
11186.0005  300.0000   10.0000    1.4000
12257.0006  400.0000   29.0000    4.3000
 274  78.2   14.0  4 KAPP LINNE SPITS.     
 5950.0003  200.0000    7.0000    1.0000
 7140.0003  200.0000    9.0000    1.3000
 7735.0004  200.0000   10.0000    1.4000
10710.0005  300.0000   24.0000    3.6000
 275  78.4   16.5  4 BILLEFJORDEN SPITS.   
 3808.0002  200.0000    4.0000    1.0000
 7735.0004  200.0000   13.0000    1.9000
10591.0005  300.0000   26.0000    3.9000
10948.0005  300.0000   55.0000    8.2000
 276  78.7   11.2  5 PRINS KARLS FORLAND SP
 7735.0004  200.0000    5.0000    1.0000
12495.0006  400.0000    3.3000    1.0000
13328.0006  400.0000   12.2000    1.8000
15946.0008  500.0000   18.4000    2.7000
16303.0008  500.0000   24.8000    3.7000
 277  78.9   11.6  8 BROGGERHALVOYA SPITS. 
 7140.0003  200.0000    5.0000    5.0000
11186.0005  300.0000    4.0000    3.0000
11305.0005  300.0000   14.0000    3.0000
11543.0006  300.0000   30.0000    4.5000
11781.0006  400.0000    8.0000    3.0000
12019.0006  400.0000   23.0000    3.4000
13090.0006  400.0000   37.0000    5.5000
14161.0007  400.0000   37.0000    5.5000
 278  79.8   16.8  4 SORGFJORDEN SPITS.    
 7735.0004  200.0000    8.7000    1.3000
10234.0005  300.0000   30.0000    4.5000
11900.0006  400.0000   25.0000    3.7000
12971.0006  400.0000   33.0000    4.9000
 279  80.0   19.0  8 MURCHISONFJORDEN SPITS
 3570.0002  200.0000    2.0000    1.0000
 4760.0002  200.0000    3.0000    1.0000
 5950.0003  200.0000    5.0000    1.0000
 7140.0003  200.0000    7.0000    1.0000
 7735.0004  200.0000   10.0000    1.4000
 8330.0004  200.0000   10.0000    1.4000
 9520.0005  300.0000   14.0000    2.1000
10710.0005  300.0000   29.0000    4.3000
 280  78.2   20.5  6 WILHELMOYA SPITS.     
 3570.0002  200.0000    7.0000    1.0000
 4760.0002  200.0000   10.0000    1.4000
 5950.0003  200.0000   13.0000    1.9000
 7140.0003  200.0000   20.0000    3.0000
 8092.0004  200.0000   28.0000    4.2000
 8330.0004  200.0000   28.0000    4.2000
 281  78.6   22.2  2 BARENTSOYA SPITS.     
 7735.0004  200.0000   30.0000    4.5000
 9996.0005  300.0000   48.0000    7.1000
 282  79.0   28.0  7 KONG KARLS LAND SPITS.
 2380.0001  200.0000   11.0000    1.6000
 3570.0002  200.0000   16.0000    2.4000
 4760.0002  200.0000   22.0000    3.3000
 5950.0003  200.0000   27.0000    4.0000
 7140.0003  200.0000   31.0000    4.6000
 7735.0004  200.0000   34.0000    5.0000
10710.0005  300.0000   70.0000   10.4000
 283  77.3   22.6 10 EDGEOYA SPITS.        
 1190.0001  200.0000    2.0000    1.0000
 2380.0001  200.0000    6.0000    1.0000
 3570.0002  200.0000   10.0000    1.4000
 4760.0002  200.0000   17.0000    2.5000
 5950.0003  200.0000   23.0000    3.4000
 7140.0003  200.0000   29.0000    4.3000
 7735.0004  200.0000   33.0000    4.9000
 8330.0004  200.0000   35.0000    5.2000
 9520.0005  300.0000   41.0000    6.1000
10710.0005  300.0000   50.0000    7.4000
 284  76.6   25.0  3 HOPEN IS. SPITS.      
 5950.0003  200.0000   22.0000    3.3000
 7735.0004  200.0000   34.0000    5.0000
10710.0005  300.0000   50.0000    7.4000
 285  80.8   48.0  2 ZEMLYA GEORGE FJL.    
 1785.0001  200.0000    5.0000    1.0000
 6545.0003  200.0000   17.5000    2.6000
 286  80.5   56.0  2 OSTROV M'CLINTOCK FJL.
 5712.0003  200.0000   10.0000    1.4000
 8925.0004  300.0000   26.0000    3.9000
 301  45.5  -76.0  3 OTTAWA ONT.           
10710.0005  300.0000   54.0000   26.0000
11900.0006  400.0000  100.0000   20.0000
13090.0006  400.0000  148.0000   22.1000
 302  45.3  -74.6  1 CORNWALL ONT.         
11781.0006  300.0000  107.0000   16.0000
 303  45.5  -74.0  5 MONTREAL QUE.         
 8330.0004  200.0000    5.0000    5.0000
 9520.0005  300.0000   37.0000   10.0000
10710.0005  300.0000   80.0000   11.9000
11900.0006  400.0000  123.0000   18.4000
13090.0006  400.0000  166.0000   25.0000
 304  48.0  -69.0  5 RIVIERE DU LOUP QUE.  
 8330.0004  200.0000   10.0000   10.0000
 9520.0005  300.0000   27.0000   15.0000
10710.0005  300.0000   50.0000   20.0000
11900.0006  400.0000   75.0000   25.0000
13090.0006  400.0000  107.0000   35.0000
 305  48.5  -68.5  6 RIMOUSKI QUE.         
 2380.0001  200.0000    3.0000    2.0000
10710.0005  300.0000   33.0000   10.0000
11900.0006  400.0000   47.0000   15.0000
13090.0006  400.0000   65.0000   20.0000
14280.0007  400.0000   98.0000   40.0000
15470.0007  500.0000  124.0000   50.0000
 306  49.0  -66.0  7 GASPE QUE.            
 7140.0003  200.0000    5.0000    1.0000
 8330.0004  200.0000    6.0000    1.0000
 9520.0005  300.0000   12.0000    1.8000
10710.0005  300.0000   18.0000    2.7000
11900.0006  400.0000   28.0000    4.2000
13090.0006  400.0000   37.0000    5.5000
14280.0007  400.0000   50.0000    7.4000
 307  50.2  -65.5  4 MOISIE QUE.           
 7140.0003  200.0000   21.0000    3.1000
 8330.0004  200.0000   31.0000    4.6000
 9520.0005  300.0000   48.0000    7.1000
10710.0005  300.0000   70.0000   10.4000
 308  50.0  -60.0  5 N. GULF OF ST. LAWRENC
 2380.0001  200.0000    9.0000    1.3000
 4760.0002  200.0000   25.0000    3.7000
 7140.0003  200.0000   43.0000    6.4000
 9520.0005  300.0000   98.0000   14.6000
11900.0006  400.0000  157.0000   23.5000
 309  51.5  -56.5 12 NW. NEWFOUNDLAND      
 1190.0001  200.0000    1.0000    1.0000
 2380.0001  200.0000    2.5000    1.0000
 3570.0002  200.0000    4.0000    2.0000
 4760.0002  200.0000    6.0000    2.0000
 5950.0003  200.0000    8.0000    3.0000
 7140.0003  200.0000   13.0000    3.0000
 8330.0004  200.0000   20.0000    5.0000
 9520.0005  300.0000   30.0000    8.0000
10710.0005  300.0000   41.0000   14.0000
11900.0006  400.0000   57.0000   13.0000
13090.0006  400.0000   75.0000   15.0000
14280.0007  400.0000   98.0000   18.0000
 310  48.0  -59.0  4 ST. GEORGE'S BAY NFLD.
 4760.0002  200.0000   -4.0000    3.0000
 8330.0004  200.0000   -4.0000    4.0000
14280.0007  400.0000   26.0000    5.0000
15470.0007  500.0000   37.0000    5.5000
 311  47.0  -64.0  6 TIGNISH PEI.          
 2380.0001  200.0000   -3.0000    1.0000
 3570.0002  200.0000   -6.0000    3.0000
 9520.0005  300.0000   -8.0000   15.0000
11900.0006  400.0000    1.0000   11.0000
14280.0007  400.0000   12.0000    9.0000
15470.0007  500.0000   20.0000    9.0000
 312  46.5  -63.5  9 FRENCH R. PEI.        
 1190.0001  200.0000   -3.0000    2.0000
 2380.0001  200.0000   -8.0000    3.0000
 3570.0002  200.0000  -12.0000    4.0000
 4760.0002  200.0000  -17.0000    5.0000
 5950.0003  200.0000  -21.0000    7.0000
 7140.0003  200.0000  -26.0000    9.0000
 8330.0004  200.0000  -30.0000   10.0000
 9520.0005  300.0000  -33.0000   12.0000
11900.0006  400.0000  -35.0000   13.0000
 313  46.3  -63.3  5 CHARLOTTETOWN PEI.    
 1190.0001  200.0000   -1.2000    1.0000
 1785.0001  200.0000   -2.4000    1.6000
 2380.0001  200.0000   -3.2000    2.4000
 3570.0002  200.0000   -6.4000    4.0000
 4760.0002  200.0000  -10.0000    5.0000
 314  46.0  -60.0  7 CAPE BRETON IS. NS.   
 2380.0001  200.0000   -5.0000    1.0000
 4760.0002  200.0000   -8.0000    1.1000
 7140.0003  200.0000  -21.0000    3.1000
 9520.0005  300.0000  -25.0000    3.7000
11900.0006  400.0000  -29.0000    4.3000
14280.0007  400.0000  -50.0000    7.4000
16660.0008  500.0000  -67.0000   10.0000
 315  45.0  -63.0  5 CHEZZETCOOK NS.       
 1190.0001  200.0000   -2.0000    1.0000
 2380.0001  200.0000   -8.0000    1.1000
 4284.0002  200.0000   -9.0000    1.3000
 6069.0003  200.0000  -12.0000    1.8000
 7973.0004  200.0000  -13.0000    1.9000
 316  44.7  -63.7  7 HALIFAX NS.           
 2380.0001  200.0000   -5.0000    1.0000
 4760.0002  200.0000   -8.0000    1.1000
 7140.0003  200.0000  -21.0000    3.1000
 9520.0005  300.0000  -25.0000    3.7000
11900.0006  400.0000  -29.0000    4.3000
14280.0007  400.0000  -33.0000    4.9000
16660.0008  500.0000  -33.0000    4.9000
 317  44.5  -64.3  2 LUNENBURG BAY NS.     
 6902.0003  200.0000  -22.0000    3.3000
 8449.0004  200.0000  -28.0000    4.2000
 318  43.9  -66.0  4 YARMOUTH NS.          
 1666.0001  200.0000   -2.0000    1.0000
 2975.0001  200.0000   -3.3000    1.0000
 3094.0001  200.0000   -4.5000    1.0000
 3213.0002  200.0000   -5.7000    1.0000
 319  45.0  -65.0  9 BAY OF FUNDY NS.      
 1547.0001  200.0000   -2.3000    1.0000
 2975.0001  200.0000   -4.0000    1.0000
 3689.0002  200.0000   -6.0000    1.0000
 4284.0002  200.0000   -8.5000    1.2000
 5950.0003  200.0000  -13.0000    2.5000
 7140.0003  200.0000  -15.0000    2.5000
13090.0006  400.0000  -14.0000    6.0000
14280.0007  400.0000    5.0000    9.0000
15470.0007  500.0000   29.0000   11.0000
 320  45.3  -66.0  7 ST. JOHN NB.          
 2380.0001  200.0000   -5.0000    1.0000
 4760.0002  200.0000   -8.0000    1.1000
 7140.0003  200.0000  -17.0000    2.5000
 9520.0005  300.0000  -13.0000    1.9000
11900.0006  400.0000   -4.0000    1.0000
14280.0007  400.0000   17.0000    2.5000
16660.0008  500.0000   75.0000   11.2000
 321  44.5  -67.7 13 ADDISON ME.           
  952.0000  200.0000   -0.4000    1.0000
 2261.0001  200.0000   -1.4000    1.0000
 3808.0002  200.0000   -3.0000    1.0000
 4879.0002  200.0000   -4.0000    1.0000
11305.0005  900.0000  -65.0000    9.7000
12495.0006  500.0000  -53.0000    7.9000
13923.0007  500.0000   27.0000   15.0000
15470.0007  500.0000   72.0000   10.7000
 1190.0001  200.0000   -2.0000    1.5000
 2380.0001  200.0000   -3.5000    2.0000
 3570.0002  200.0000   -4.0000    2.0000
 4760.0002  200.0000   -4.5000    1.5000
14280.0007  400.0000   60.0000   40.0000
 322  43.1  -70.7  9 ISLES OF SHOALS NH.   
 1190.0001  200.0000   -0.7000    1.0000
 2380.0001  200.0000   -1.5000    1.0000
 3570.0002  200.0000   -3.0000    1.5000
 4760.0002  200.0000   -4.5000    1.5000
 5950.0003  200.0000   -7.0000    2.0000
 7140.0003  200.0000   -9.0000    2.0000
 8330.0004  200.0000  -12.0000    2.0000
12852.0006  400.0000  -31.0000    4.6000
14399.0007  400.0000  -31.0000    4.6000
 323  42.8  -70.8  8 BOSTON MA.            
 2975.0001  200.0000   -1.6000    1.0000
 4046.0002  200.0000   -3.0000    1.0000
 4403.0002  200.0000   -4.0000    1.0000
 4998.0002  200.0000   -4.9000    1.0000
 5831.0003  200.0000   -7.6000    1.1000
 7497.0004  200.0000  -12.5000    1.8000
13090.0006  400.0000   -8.0000    3.0000
14280.0007  400.0000   -3.0000    3.0000
 324  41.7  -70.3  4 BARNSTABLE MA.        
 1190.0001  200.0000   -1.0000    1.0000
 2380.0001  200.0000   -2.4000    1.0000
 3570.0002  200.0000   -5.0000    1.0000
 4760.0002  200.0000   -7.2000    1.0000
 325  41.3  -70.0  5 PLUM IS. MA.          
 3213.0002  200.0000   -1.6000    1.0000
 4998.0002  200.0000   -3.3000    1.0000
 6188.0003  200.0000   -5.0000    1.0000
 7378.0004  200.0000   -7.6000    1.1000
 9758.0005  300.0000  -13.0000    1.9000
 401  54.0   10.6  7 LUBECK WG.            
 1190.0001  200.0000   -2.0000    1.0000
 2380.0001  200.0000   -3.0000    1.0000
 3570.0002  200.0000   -4.0000    1.0000
 4760.0002  200.0000   -5.0000    1.0000
 5950.0003  200.0000   -6.0000    1.0000
 7140.0003  200.0000   -9.0000    1.3000
 8330.0004  200.0000  -15.0000    2.2000
 402  54.6   10.2  4 KEIL BAY WG.          
 3689.0002  200.0000   -1.2000    1.0000
 9282.0004  300.0000  -19.0000    2.8000
11662.0006  300.0000  -31.0000    4.6000
14161.0007  400.0000  -29.0000    4.3000
 513 -53.7  -68.0  1 LA MISION ARGENTINA   
 9401.0005  300.0000   -4.3000    1.0000
 567 -62.2  -58.8  5 PALMER PEN. ANTARCTICA
  714.0000  200.0000    0.5000    1.0000
 1428.0001  200.0000    5.0000    1.0000
 1666.0001  200.0000    7.6000    1.1000
 3689.0002  200.0000   10.0000    1.4000
 9163.0004  300.0000    4.3000    1.0000
 568 -69.0   39.6  1 OLAF LAND ANTARCTICA  
 4522.0002  200.0000    3.5000    1.0000
 569 -66.3  110.5  1 KNOX COAST ANTARCTICA 
 7140.0003  300.0000   19.8000    2.9000
 570 -77.7  163.4  8 McMURDO SOUND ANTARCTI
 5474.0003  200.0000    2.9000    1.0000
 6188.0003  200.0000    4.0000    1.0000
 6426.0003  200.0000    8.1000    1.2000
 6902.0003  200.0000    7.5000    1.1000
 7259.0003  200.0000    5.7000    1.0000
 7378.0004  200.0000    4.5000    1.0000
 7616.0004  200.0000    6.0000    1.0000
 7973.0004  200.0000   21.6000    3.2000
 604  60.4 -145.0  3 COPPER R. AK.         
  833.0000  200.0000   -3.2000    1.0000
 1666.0001  200.0000   -3.0000    1.0000
 2023.0001  200.0000   -4.5000    1.0000
 605  58.7 -137.7  4 YAKUTAT AK.           
 1428.0001  200.0000    7.1000    1.0000
 3332.0002  300.0000   29.5000    4.4000
 9639.0005  400.0000   88.3000   13.2000
12852.0006  400.0000   63.0000    9.4000
 606  58.2 -134.0  7 JUNEAU AK.            
 5950.0003  200.0000    3.0000    1.0000
 7140.0003  200.0000    6.0000    1.0000
 8330.0004  200.0000   16.0000    2.4000
 9520.0005  300.0000   23.0000    3.4000
10710.0005  300.0000   29.0000    4.3000
11900.0006  400.0000   45.0000    6.7000
13090.0006  400.0000   62.0000    9.2000
 607  55.6 -131.6  2 KETCHIKAN AK.         
  595.0000  200.0000    1.0000    1.0000
 9996.0005  300.0000   10.0000    1.4000
 608  54.3 -130.2  3 PRINCE RUPERT BC.     
 5950.0003  200.0000    4.0000    1.0000
 7140.0003  200.0000   13.0000    1.9000
 8330.0004  200.0000   32.0000    4.8000
 609  53.9 -132.7  9 QUEEN CHARLOTTE ISLAND
 1190.0001  200.0000    2.0000    1.0000
 2380.0001  200.0000    3.0000    1.0000
 3570.0002  200.0000    4.0000    1.0000
 4760.0002  200.0000    8.0000    1.1000
 5950.0003  200.0000   11.0000    1.6000
 7140.0003  200.0000   11.0000    1.6000
 8330.0004  200.0000   11.0000    1.6000
 9520.0005  300.0000   12.0000    1.8000
10710.0005  300.0000   13.0000    1.9000
 610  51.0 -128.0  8 QUEEN CHARLOTTE SOUND 
 4760.0002  200.0000   -3.0000    1.0000
 5950.0003  200.0000   -3.0000    1.0000
 7140.0003  200.0000   -2.0000    1.0000
 8330.0004  200.0000    1.0000    1.0000
 9520.0005  300.0000    5.0000    1.0000
10710.0005  300.0000   10.0000    1.4000
11900.0006  400.0000   18.0000    2.7000
13090.0006  400.0000   32.0000    4.8000
 611  50.6 -127.0  2 N. VANCOUVER IS. BC.  
14637.0007  400.0000   53.0000    7.9000
15351.0007  500.0000   17.0000    2.5000
 612  49.0 -124.0  6 E. VANCOUVER IS. BC.  
 5474.0003  200.0000   15.0000    2.2000
10353.0005  300.0000    1.5000    1.0000
13685.0007  400.0000   37.0000    5.5000
14161.0007  400.0000   25.0000    3.7000
14518.0007  400.0000   49.0000    7.3000
14875.0007  500.0000  154.0000   23.0000
 613  48.5 -123.3  5 VICTORIA BC.          
 6426.0003  200.0000    2.0000    1.0000
11067.0005  300.0000    1.0000    1.0000
13923.0007  400.0000    2.0000    1.0000
14756.0007  400.0000   17.0000    2.5000
15113.0007  500.0000   28.0000    4.2000
 614  49.2 -123.0  5 FRAZER LOWLANDS BC.   
 8687.0004  200.0000    9.0000    1.3000
11186.0005  300.0000   11.0000    1.6000
13090.0006  400.0000   38.0000    5.6000
13685.0007  400.0000   92.0000   13.7000
14161.0007  400.0000  132.0000   19.7000
 615  48.8 -122.5  4 WHATCOM WA.           
12257.0006  400.0000   31.0000    4.6000
13804.0007  400.0000   77.0000   11.5000
14161.0007  400.0000   97.0000   14.5000
15470.0007  500.0000   82.0000   12.2000
 624 -52.8  -70.8  4 BAHIA GENTE GRANDE CHI
 4641.0002  200.0000    3.0000    1.0000
 5474.0003  200.0000    2.0000    1.0000
 6664.0003  200.0000    3.0000    1.0000
 7021.0003  200.0000    3.4000    1.0000
 625 -53.7  -71.2  2 PUERTO DEL HAMBRE CHIL
 4760.0002  200.0000    3.5000    1.0000
 9520.0005  300.0000    2.1000    1.0000
 626 -54.9  -68.5  2 BEAGLE CHANNEL CHILE  
 1785.0001  200.0000    0.7000    1.0000
 5474.0003  200.0000    3.6000    1.0000
 627  71.5  136.0  2 YANA R. SIBERIA       
 2380.0001  200.0000    5.5000    1.0000
 4284.0002  300.0000    2.0000    1.0000
 662 -42.0  174.0 10 WAIRAU VALLEY NZ.     
 1190.0001  200.0000    0.5000    1.0000
 2380.0001  200.0000    1.0000    1.0000
 3570.0002  200.0000    1.5000    1.0000
 4760.0002  200.0000    2.0000    1.0000
 5950.0003  200.0000    0.0000    1.0000
 7140.0003  200.0000   -2.0000    1.0000
 8330.0004  200.0000   -5.0000    1.0000
 9520.0005  300.0000  -10.0000    3.0000
10710.0005  300.0000  -17.0000    7.0000
11900.0006  400.0000  -32.0000    5.0000
